
R version 3.1.1 (2014-07-10) -- "Sock it to Me"
Copyright (C) 2014 The R Foundation for Statistical Computing
Platform: x86_64-apple-darwin13.1.0 (64-bit)

R is free software and comes with ABSOLUTELY NO WARRANTY.
You are welcome to redistribute it under certain conditions.
Type 'license()' or 'licence()' for distribution details.

  Natural language support but running in an English locale

R is a collaborative project with many contributors.
Type 'contributors()' for more information and
'citation()' on how to cite R or R packages in publications.

Type 'demo()' for some demos, 'help()' for on-line help, or
'help.start()' for an HTML browser interface to help.
Type 'q()' to quit R.

[R.app GUI 1.65 (6784) x86_64-apple-darwin13.1.0]

[History restored from /Users/lehathu/.Rapp.history]

> singular = read.csv("singular_matrix.csv")
> singular
      X       V1       V2       V3       V4       V5       V6       V7       V8       V9
1     1 9720.534 889.2793 814.3344 774.3871 765.6959 726.0534 686.1471 672.5118 659.3785
2     2 9749.842 890.1320 814.9305 775.6045 766.0005 724.4490 687.0244 672.7503 660.7613
3     3 9738.864 889.4816 814.3852 775.1390 767.9840 721.2516 682.8207 671.5392 657.7812
4     4 9747.510 889.1926 814.4694 778.0531 768.2198 728.0028 685.1476 673.9333 658.7796
5     5 9754.296 889.9035 814.3312 774.8227 765.5050 724.9705 683.3520 672.1173 661.8638
6     6 9717.118 889.7913 815.3904 775.8558 765.1476 724.6000 685.3057 673.2774 660.8885
7     7 9742.369 889.6385 813.8933 775.9254 767.8890 723.1514 682.5182 675.4189 660.0597
8     8 9775.946 890.4654 814.1222 775.8034 765.9134 724.8861 685.3116 672.1599 658.8707
9     9 9723.286 889.3692 814.1818 776.2374 766.5025 725.8765 686.6238 672.6410 658.9332
10   10 9763.312 891.1704 816.0060 775.2856 767.8140 723.9427 683.9224 675.5625 661.2777
11   11 9757.673 889.5120 814.3683 775.0134 765.6281 726.1347 685.5171 674.7617 660.5625
12   12 9737.981 890.0306 814.3371 776.1718 766.5064 725.6311 683.4214 675.2944 661.7093
13   13 9775.462 890.4383 815.2685 774.8942 768.4299 725.9226 684.8125 672.4010 659.8122
14   14 9723.960 890.0785 815.5291 776.5763 765.4948 726.6897 683.5801 674.9656 659.3410
15   15 9741.974 890.1362 814.8185 771.7770 766.3208 722.9285 685.3776 672.8436 659.3014
16   16 9749.957 890.1578 815.8446 775.0969 766.9295 725.7253 687.5089 673.9594 660.1650
17   17 9745.252 890.5187 815.0614 774.0744 768.1184 724.1698 685.6672 672.3717 659.1141
18   18 9733.021 890.2722 814.6784 773.4709 765.6109 722.1335 685.9343 675.4608 661.9695
19   19 9749.506 890.1996 814.0685 774.7835 767.4836 724.6326 685.2856 674.2715 660.8177
20   20 9767.637 889.7829 814.8140 775.3209 767.5353 725.9246 683.7675 675.5718 660.1388
21   21 9760.923 889.7884 813.8683 776.1031 766.3602 726.0130 682.8190 674.2886 660.7397
22   22 9765.092 889.1283 815.1167 777.4842 767.2645 727.4846 683.1201 673.9809 660.9813
23   23 9759.316 890.9105 815.2615 774.1192 766.3037 725.6325 685.1195 672.4699 662.3788
24   24 9733.254 890.3583 815.5652 775.1268 767.3120 724.4953 685.8996 674.7813 659.9935
25   25 9738.268 890.2712 814.7756 776.0388 767.1456 725.9013 684.1024 674.5017 660.0677
26   26 9746.309 890.6734 815.1972 775.1591 767.1483 724.7081 684.3302 671.3006 659.9606
27   27 9752.970 889.9842 815.1019 774.5371 764.7434 723.0890 686.3950 676.5410 660.1858
28   28 9741.891 890.1677 814.3246 776.5820 769.1294 724.5642 685.6896 672.3121 658.8257
29   29 9773.255 890.4522 815.1562 775.8127 767.5902 727.1266 685.6192 672.4395 659.2531
30   30 9714.760 889.5915 814.7358 775.3932 766.8549 724.5586 683.3457 673.6654 659.0457
31   31 9769.718 890.1144 814.4471 775.9787 766.7388 724.5552 684.7633 674.0256 661.6643
32   32 9780.755 890.2655 814.8961 776.9107 767.7321 724.1676 688.5274 672.4842 659.1913
33   33 9771.538 890.3060 814.6875 774.6964 768.0943 725.2694 686.2129 672.4990 659.4791
34   34 9755.187 890.1625 815.2420 776.2656 767.1056 725.2816 683.9810 674.0215 660.6637
35   35 9743.200 889.9135 814.7170 775.5724 766.3725 723.7827 685.4532 671.1411 659.6234
36   36 9718.392 889.9258 814.8523 773.3736 766.5935 724.0426 685.3085 672.4284 659.2164
37   37 9752.467 890.1728 815.9137 776.8367 767.9774 725.2645 683.7364 673.8913 660.2315
38   38 9723.538 889.9412 815.0777 775.5065 768.6344 724.8422 685.0328 673.4727 661.6996
39   39 9764.961 890.1486 814.0906 775.4874 766.4942 726.2083 685.2648 673.4827 660.0637
40   40 9710.764 890.6692 814.7266 773.3452 766.9788 723.7342 684.9531 675.7028 661.8820
41   41 9748.176 889.8902 814.3688 775.7748 766.9825 726.1839 684.3655 677.4277 661.3665
42   42 9757.880 889.6804 814.2175 775.5963 766.2981 725.2290 686.0044 672.2544 658.9094
43   43 9739.361 889.7677 815.1721 776.2678 767.1823 726.1507 683.0174 672.6683 659.8565
44   44 9777.427 889.7008 814.9877 776.7113 766.5114 727.2443 684.3423 672.8345 659.3300
45   45 9752.921 889.6728 814.9098 774.2187 768.0439 724.7365 686.2677 674.2416 659.8940
46   46 9720.803 889.2564 814.8166 776.0384 765.2626 726.6945 684.3044 674.0570 661.7778
47   47 9748.848 890.1306 814.6804 775.7706 766.6294 726.2818 683.7212 673.9975 659.1412
48   48 9723.145 889.4631 814.4902 775.1395 766.2739 723.8114 683.7587 673.6733 659.8212
49   49 9748.560 890.3187 814.1205 775.8340 768.4271 725.6827 685.6352 670.0560 660.7365
50   50 9767.101 890.6491 815.2207 776.0863 765.5764 724.2731 684.8439 675.7314 661.2444
51   51 9749.488 890.4531 815.1394 775.1725 769.1164 725.4521 689.1046 675.5354 661.3104
52   52 9764.683 889.9366 815.3336 776.7988 768.3464 727.5016 687.8043 673.4050 660.5712
53   53 9752.687 889.2433 814.2677 777.3306 766.3247 726.7550 683.1591 674.8800 661.4400
54   54 9745.872 889.5403 814.1169 777.1906 768.7204 726.4881 684.1543 674.3162 661.3597
55   55 9749.550 889.5285 815.2980 774.9608 766.2585 724.5277 686.4896 674.0090 660.0733
56   56 9725.819 890.2367 814.5950 775.0380 766.6270 724.4722 684.9968 672.2484 660.3640
57   57 9760.199 890.2609 814.8960 775.4876 766.0209 727.5294 683.1131 673.0674 660.0793
58   58 9725.733 890.0851 815.2788 776.4831 766.5419 724.9990 685.8581 673.6980 660.2990
59   59 9729.705 890.5583 814.4688 775.5088 766.3614 724.9309 682.5241 673.5092 660.2250
60   60 9752.857 890.0618 814.8448 775.3810 766.6947 725.1566 682.1970 673.0691 660.2466
61   61 9764.337 889.9239 813.3667 775.2690 766.0988 726.0436 685.5148 673.7523 662.1471
62   62 9744.931 890.0433 814.8837 774.8357 767.2210 723.8294 682.9588 673.5206 660.1678
63   63 9751.637 890.4056 815.0554 776.2542 767.5690 726.4041 686.1668 675.5721 659.6017
64   64 9758.099 890.0479 814.5802 775.9437 767.7336 723.7983 683.3953 672.8197 659.6080
65   65 9753.898 889.7530 815.3034 776.8544 768.0953 726.8003 686.6370 673.0694 660.3130
66   66 9734.163 888.8804 813.6385 776.5152 767.8184 727.7444 684.1650 671.1538 658.6247
67   67 9715.381 889.4621 814.2700 774.6289 765.5820 724.7879 682.5594 672.2012 658.5692
68   68 9767.018 890.8692 815.1532 776.5115 767.8176 727.1835 683.4967 672.2599 660.4352
69   69 9746.596 890.2076 814.5799 775.0067 766.7766 726.0489 684.3939 673.6724 661.4272
70   70 9757.093 890.4822 815.3823 775.9713 767.9598 725.4586 684.6119 674.2604 660.2798
71   71 9737.059 889.0147 815.1203 774.6739 767.6817 723.6777 685.5057 673.3961 661.0004
72   72 9755.856 890.3765 814.1700 775.8518 767.4256 725.0433 686.0311 674.1419 659.7877
73   73 9741.370 889.6660 813.6041 775.7618 765.7021 725.6002 683.5047 672.0611 659.9314
74   74 9766.925 890.5501 815.2110 774.3883 766.7159 724.9734 684.9716 672.0157 660.3844
75   75 9736.259 889.8089 815.2164 774.5291 766.5874 724.5383 683.1011 672.7806 659.3579
76   76 9761.722 889.5789 814.0487 774.3718 766.7959 724.2187 686.1001 673.0890 662.1228
77   77 9777.343 889.9403 815.7854 776.2186 768.1535 726.2897 684.6644 672.2529 659.5798
78   78 9760.073 890.0918 814.4581 775.4347 765.0819 723.7662 682.6394 670.5181 658.9860
79   79 9793.796 890.1476 814.9296 776.6878 765.2779 726.5750 686.8050 673.1561 662.4190
80   80 9764.014 890.6076 815.4965 775.3551 768.7884 722.4352 685.8157 672.9893 659.5547
81   81 9803.969 890.4301 815.3109 774.2341 767.0875 723.0377 685.5191 673.0404 659.8929
82   82 9738.602 889.7234 814.4731 776.8787 766.0036 727.6996 683.7947 673.5337 661.6031
83   83 9721.908 889.8059 814.8421 774.6130 766.3891 725.3915 684.5991 673.8227 659.9194
84   84 9753.185 890.9729 815.5278 774.5976 766.1089 723.8945 686.7003 673.0462 660.5033
85   85 9747.917 890.1823 814.6335 776.3616 770.0551 724.6407 684.8323 676.4087 660.6603
86   86 9762.291 890.3323 814.9040 774.8367 765.2263 723.9027 683.5576 672.0625 659.2056
87   87 9754.379 890.3963 815.2145 775.5967 767.9695 724.6431 685.5441 670.2593 660.0303
88   88 9764.794 890.2056 815.0386 775.7399 766.6266 725.6819 686.8954 673.7224 661.4115
89   89 9735.002 889.9721 815.6312 774.7838 768.7995 723.4495 686.2284 675.1956 658.8321
90   90 9748.576 889.4995 814.7801 775.1831 765.4033 724.3632 682.6685 674.5566 661.3462
91   91 9742.737 888.9860 814.4844 774.3748 767.3785 722.2406 684.6264 673.0366 661.6324
92   92 9726.401 890.0159 815.0320 776.6663 767.9746 726.8472 683.5935 674.0810 659.1366
93   93 9742.482 889.3221 813.8738 775.2830 767.1620 724.9572 684.1674 672.0190 660.1428
94   94 9757.453 890.5090 816.5551 775.1043 766.3823 723.6669 683.9842 673.3598 662.0961
95   95 9755.596 889.7455 814.0612 773.7250 764.4803 722.2266 684.0790 673.9985 659.1482
96   96 9758.549 889.7604 815.0685 774.6430 765.4832 725.9985 686.9935 671.8487 660.8443
97   97 9736.793 890.3096 814.9039 775.4848 769.2170 724.5729 685.0040 674.1658 661.3179
98   98 9736.326 890.4107 815.4054 775.3489 768.2009 725.2317 685.1076 670.5105 660.5583
99   99 9748.387 890.7696 816.2964 775.8261 766.0787 725.2269 684.2949 675.6104 659.9488
100 100 9746.641 890.0757 815.6138 774.5755 766.6591 725.7647 683.7268 671.6184 661.4784
         V10      V11      V12      V13      V14      V15      V16      V17      V18      V19
1   638.5898 628.2352 615.8164 602.7903 597.7563 573.5686 569.0500 553.0499 542.0484 530.9965
2   640.8422 628.1294 615.0820 601.5979 591.2547 573.3061 569.3419 555.1268 542.7483 533.5862
3   641.9546 628.8357 614.6817 602.3009 590.5824 572.6345 567.6990 554.1873 541.7055 534.0316
4   642.9628 628.8032 616.5631 603.5167 592.9736 576.1078 570.3004 557.1246 544.5019 533.1873
5   644.2648 628.1431 616.1805 600.0821 592.4445 574.9162 568.1154 552.8634 544.7708 533.0070
6   640.6118 628.4660 614.8223 601.6842 590.7748 574.6769 569.8000 556.3088 544.2410 532.9378
7   641.5074 630.9248 615.2976 602.4498 593.0738 577.4883 570.0137 556.7618 541.6128 533.0055
8   639.2033 628.1206 616.8899 604.4212 591.9392 574.9860 570.3181 558.3771 544.0037 528.4705
9   641.8547 625.5213 614.9990 602.3733 591.9380 576.0462 569.7886 555.1767 541.5638 533.4886
10  639.0479 628.2365 615.3500 604.6624 595.8375 576.2983 570.3706 556.0929 540.4818 530.7892
11  640.0863 628.7711 616.9215 603.7202 593.9031 577.0404 569.6889 557.2174 543.0335 531.3693
12  641.9441 630.5602 617.4253 600.5747 592.2833 575.2241 567.6652 552.6522 541.2697 532.3262
13  643.5439 630.1271 617.3143 604.1949 593.2278 574.3624 569.7074 557.0133 542.4820 530.9960
14  642.3540 627.6187 616.8443 601.6920 594.0769 576.1208 569.7013 555.7866 539.5296 531.3773
15  641.4629 628.9220 614.3334 603.2575 594.8057 575.8348 569.1140 555.8110 541.8430 531.9975
16  638.0661 628.0943 616.7218 602.7126 591.6696 578.1665 568.5530 554.4233 543.5275 532.4058
17  640.8461 629.2835 615.6322 603.6300 594.7252 574.6621 568.1395 555.7056 542.4530 531.4164
18  641.3103 627.0650 618.9060 603.3173 595.8121 575.3714 570.4287 555.6622 543.2039 532.1552
19  642.2961 629.5835 615.6676 604.0263 593.2972 578.1912 571.0982 557.1600 539.9597 530.9766
20  643.9643 629.3176 617.6650 604.4989 594.1120 575.7620 569.7869 555.6267 544.0884 532.2363
21  642.2598 627.5223 614.2169 601.4739 594.1133 575.7945 569.9828 555.9649 544.1435 533.8306
22  642.6921 628.9112 616.3885 602.4349 593.6141 576.5810 568.1342 557.8146 543.7797 533.2870
23  639.2182 629.9993 617.6912 602.0100 594.2620 573.7267 569.2736 554.4973 542.1273 534.8280
24  641.2755 628.3892 615.9823 603.0653 594.5187 576.0897 569.4706 554.6760 542.8717 532.8659
25  638.9925 632.6310 615.1617 602.9382 594.4382 575.6500 569.7448 557.5532 543.8398 534.1148
26  641.6532 629.7387 616.7101 604.3041 595.2789 576.4063 569.0113 552.8995 542.7643 533.6044
27  640.4294 627.3476 615.8649 603.1582 594.8343 578.2718 571.9853 556.7208 545.1279 535.1571
28  640.9947 626.2083 616.1796 602.9090 593.7071 578.0429 572.8452 557.2237 541.0647 533.5845
29  640.4385 628.5449 615.8615 602.5081 590.5648 574.5203 567.5323 553.0416 542.8429 533.9117
30  641.6725 627.9009 616.1300 603.4217 593.1221 574.6625 569.7251 554.2568 541.2975 532.1796
31  642.7689 629.0793 616.1630 603.0517 592.4960 574.8638 567.9013 556.3499 543.3124 533.7536
32  641.1495 627.5174 615.6591 604.9936 592.4177 575.3075 567.5702 556.4706 542.2513 532.2734
33  638.8991 628.7505 615.2604 603.1662 591.5524 573.8953 567.3188 554.3319 542.5020 531.1900
34  643.7782 627.2988 616.0483 602.6296 592.3873 576.3993 571.4325 556.3689 541.0275 529.7518
35  639.1354 627.6268 617.3253 602.3034 595.4686 575.2748 570.9034 556.8419 542.4107 535.3763
36  638.4069 627.9727 616.1116 604.7071 593.7835 577.2872 568.8179 557.3775 543.6241 534.0795
37  641.0083 629.5265 617.7257 606.2201 595.9600 576.0087 572.4828 559.2951 542.5622 529.8731
38  641.0563 628.6388 617.3332 600.0077 591.7192 575.7177 569.6560 554.9915 541.6476 533.0779
39  639.7876 629.2689 616.4638 601.0823 592.7233 573.4153 568.0546 552.9222 542.0191 534.1914
40  642.8440 631.1581 615.3330 602.6988 592.1677 572.8044 568.6975 553.5477 543.9840 535.4683
41  643.4975 630.2889 616.5392 605.4915 593.7564 575.0648 571.1906 555.1993 542.5247 534.0838
42  639.1654 628.6670 616.0728 600.8902 591.9122 575.9569 566.1133 552.8920 540.9973 532.9473
43  639.9100 628.9330 617.4063 602.4056 593.4158 574.9198 568.8623 552.4256 542.9970 531.3471
44  641.3026 628.8991 617.6860 604.2351 593.9533 574.5553 569.3245 557.5880 540.5179 533.6479
45  641.9195 628.4891 615.9417 603.3430 594.0732 574.1525 568.8787 554.4727 542.5020 533.4117
46  639.0242 627.4694 615.0716 604.6728 590.4485 575.4658 569.4075 556.2353 541.0607 531.9720
47  641.3628 630.3530 615.1933 604.3368 596.3099 578.3782 570.6105 556.8689 542.7549 531.9054
48  641.1514 629.6477 615.7781 605.3142 590.7857 576.0181 568.3836 555.5370 542.0747 531.2842
49  641.0821 631.6169 612.9212 601.9748 590.2125 572.2778 568.2091 554.3004 544.0495 532.4733
50  640.4187 628.9086 615.7196 601.9658 591.5274 577.0003 569.6915 554.5242 542.9876 533.7503
51  642.9536 628.8635 616.9907 601.8626 591.5697 575.5740 569.7131 556.0951 543.5229 531.7514
52  643.3527 626.1051 616.2243 603.5830 594.9329 577.4586 570.7581 557.0315 542.6180 532.9066
53  641.5029 630.8642 612.7463 601.9697 593.1878 576.2526 568.3628 556.8431 542.7123 535.6071
54  641.8298 627.8560 616.3976 605.1574 594.1491 577.2194 569.8554 556.4989 542.8866 536.6713
55  639.1781 628.9133 615.6281 602.2848 590.5406 575.1771 569.4351 555.1394 543.3569 532.3312
56  640.5348 629.4103 616.2905 603.4307 594.6039 574.9023 568.1675 554.9000 540.7522 528.5575
57  640.3431 630.3473 616.5590 601.8765 593.0894 574.1280 568.5795 556.3633 543.0512 534.4574
58  638.8229 629.4864 615.9246 604.1512 592.1574 573.3022 569.8454 558.3943 545.1816 533.2799
59  641.7637 629.7688 615.8121 605.3368 591.4623 575.1172 569.6000 554.8802 540.4265 532.5815
60  639.0564 628.2234 616.7885 604.4183 596.2641 576.9239 569.1496 555.1807 543.4067 532.5213
61  639.6034 630.0948 615.9458 601.0579 591.6667 575.5764 568.4109 553.7434 542.6760 533.8300
62  643.8632 630.2345 616.0619 602.5731 595.8103 573.7949 568.4573 554.7536 540.9374 533.8017
63  642.3124 626.4871 617.1795 603.2194 596.8402 573.8939 569.7978 553.9809 542.1847 534.7697
64  640.1764 626.8947 617.2653 603.3810 592.2388 575.4132 570.4821 554.7778 542.6352 531.4097
65  640.4484 628.1888 618.0079 604.8442 592.3714 575.3602 567.9660 553.7987 542.6353 534.4613
66  641.5725 628.8825 614.4818 602.1147 590.6682 574.7394 569.8783 554.1625 544.5406 533.1604
67  638.2914 629.0568 617.8562 601.9865 594.6470 576.6204 567.8195 555.5836 541.6310 533.5031
68  641.5378 629.9294 616.4813 600.5349 592.2670 573.9429 567.5648 554.6062 542.6877 535.6506
69  639.6861 629.1888 617.8666 604.9877 593.6275 573.2954 570.0356 555.6044 544.2429 534.9747
70  641.3127 628.8545 617.5522 602.3867 594.1255 576.5083 569.3975 555.7085 544.1684 529.1328
71  641.3173 628.8411 616.5503 601.6603 591.0597 576.7394 568.6018 556.5494 543.6633 532.1672
72  642.3990 628.1751 616.1049 603.1350 592.2669 574.8659 570.6621 556.5498 543.0607 533.2924
73  640.7962 627.7877 616.3123 603.1953 596.6804 575.2193 569.3091 555.2359 543.4169 533.0377
74  641.9646 627.7188 615.2525 603.5565 593.2810 575.5450 571.0117 558.2764 541.6204 531.9929
75  640.4851 627.8277 617.6509 601.6248 592.4238 574.5809 567.6222 552.1913 542.7098 532.6608
76  639.7100 626.9437 618.3332 603.4647 595.6143 575.0943 570.1681 553.4585 542.2173 531.7830
77  640.3963 628.5727 616.1763 602.7940 591.8520 575.5354 568.3514 557.3388 543.0909 532.5243
78  640.3284 628.6029 617.8634 603.1074 593.0965 575.7324 570.4351 556.6297 542.9792 533.2563
79  640.8228 631.2106 616.2412 604.2853 595.5698 575.2980 570.4992 558.3084 543.4973 534.2935
80  641.0703 628.4722 618.3526 604.3051 592.3179 574.6996 569.4049 556.8199 542.5405 531.9079
81  641.4787 627.9213 617.0779 602.7203 593.5717 576.3833 571.3135 555.3807 543.6613 534.3129
82  639.9307 627.7847 616.4076 602.3790 593.3795 577.8058 568.9403 553.5135 540.7261 534.2719
83  642.2703 628.6476 615.6693 600.8289 593.6587 576.6386 569.6081 552.5960 541.2764 531.5276
84  639.7105 629.5003 616.9558 604.1038 595.8143 577.5447 571.5745 555.8991 542.0496 533.3147
85  642.1981 629.6185 616.1858 604.8432 592.5272 574.7808 568.7741 554.1062 541.3451 532.3180
86  640.4831 628.0347 615.1640 602.4798 594.7642 577.0794 569.7054 556.5313 543.1301 534.2531
87  641.6391 626.8509 618.1016 600.6360 594.6749 573.9109 568.5068 554.7169 543.9846 533.7479
88  641.5482 628.2683 616.2279 603.0735 594.3953 572.8880 569.8428 556.7325 543.3846 533.1276
89  642.6188 626.8025 615.0708 602.4336 592.6406 576.6279 569.8586 554.9141 542.0786 534.5837
90  639.3957 629.7183 615.2343 603.2839 592.2574 574.9269 570.1800 552.9630 542.1371 532.0760
91  643.7609 627.5163 615.6003 602.6265 593.3745 575.4389 571.3344 553.6892 543.3726 535.7059
92  638.8906 629.5583 615.9581 602.8566 594.7408 575.5654 567.1075 552.4855 543.8721 532.6409
93  642.7114 629.0728 616.5656 604.7190 592.0803 576.3113 568.4375 556.6187 543.6145 530.6351
94  640.2437 628.4894 617.1060 601.7508 595.6564 576.0580 569.4940 554.2739 540.5731 532.5193
95  641.3082 626.9186 616.7274 604.3400 595.9798 576.5412 570.5126 554.1810 544.5101 531.3160
96  640.6475 630.5734 615.2152 601.0828 593.3477 576.4626 569.8033 553.5218 540.6946 532.8597
97  640.9578 629.1963 616.9926 601.8929 593.8374 574.1836 568.8012 556.6337 542.6277 533.0398
98  643.7391 630.2306 615.1850 602.2480 591.1482 572.7018 569.0053 553.7535 543.6173 533.5399
99  644.6223 626.9260 616.9953 603.6726 593.2790 576.4952 568.5925 555.3510 541.6097 532.6317
100 640.6643 628.8523 616.1011 602.6274 594.2836 574.8659 570.7296 558.3465 542.9363 532.3976
         V20      V21      V22      V23      V24      V25      V26      V27      V28      V29
1   524.6878 522.1862 504.8660 500.3162 496.0239 482.2935 477.7066 467.3651 460.9142 452.7641
2   523.9247 521.9612 506.7005 499.1751 493.9149 482.0310 476.6838 468.3474 460.9265 454.4527
3   521.3215 519.4104 505.5914 495.7756 494.5642 481.6353 476.9924 469.0183 459.4255 455.8392
4   527.0001 524.0412 504.8783 499.0396 495.4950 481.9787 475.5695 468.3090 458.2456 453.2622
5   526.2613 521.6136 503.9326 498.0916 493.5996 483.4411 478.9324 468.9627 462.8568 453.2892
6   526.7713 523.0936 504.6610 499.7920 497.1143 485.7890 478.1478 468.5924 462.9428 453.6920
7   523.8838 521.0409 504.3326 496.9175 494.5362 484.5581 476.3021 465.1452 463.5072 453.8090
8   526.1485 524.6431 504.7058 498.2578 495.3044 483.7613 475.7453 463.4237 460.8959 452.4819
9   525.2543 522.1469 504.5900 497.3623 491.2284 482.5539 477.4432 469.4209 459.7502 452.4069
10  522.4194 521.3947 503.4823 499.0655 494.3308 480.9693 475.9724 465.5121 459.5479 453.5864
11  523.0231 522.1569 509.4842 499.2526 493.7967 480.2482 477.2038 466.8927 460.0141 453.3538
12  524.4062 523.3175 505.5355 499.2826 494.2005 479.8947 476.3516 467.3683 460.1403 451.7368
13  523.5562 522.6566 506.2412 499.0200 494.7112 485.2516 475.3003 465.6330 458.9446 452.1555
14  523.2763 520.5928 505.7780 498.4873 493.5487 482.8796 475.0103 467.4929 460.0360 453.8912
15  525.4995 520.8294 502.1053 498.8081 496.2989 483.8138 476.6405 467.0397 458.6771 451.8976
16  524.5351 520.9035 505.3980 498.6546 493.7540 487.4338 477.4036 469.4541 462.6257 456.1639
17  524.1939 521.7186 505.9477 499.2161 496.4577 482.3996 476.1839 470.9714 457.9175 455.0300
18  525.1362 522.9765 506.3252 500.2904 493.6550 483.2624 480.2389 468.6543 461.1279 451.5952
19  522.8230 518.6792 505.3427 497.5714 495.4972 483.1481 476.1170 468.0357 458.9611 454.7462
20  525.5474 523.1696 506.8117 500.4751 492.8750 483.2200 474.2215 468.6976 461.3427 455.3165
21  526.2600 521.0410 505.6267 499.3913 495.9092 483.1731 475.6309 470.2683 461.8530 453.1849
22  525.8844 521.8588 505.1492 500.4590 492.7737 483.2428 475.6365 467.7686 460.4122 453.5173
23  523.1680 522.3530 504.1256 497.4249 494.1064 482.4729 477.9060 467.8279 458.1366 453.0758
24  525.4697 519.3538 504.8437 499.0627 494.5481 486.2223 475.1866 468.7385 460.9434 452.8574
25  524.6237 523.1268 502.7897 498.2064 495.6624 483.3989 477.7702 467.1016 460.9035 453.3384
26  527.5549 522.8174 504.9561 501.6392 495.7073 484.4033 477.8090 470.6213 460.1933 456.0688
27  526.1368 520.7070 501.9908 498.1471 494.7345 481.1005 476.1955 465.3527 458.5133 453.7571
28  524.8656 522.1011 506.7221 497.7039 495.6810 485.3303 474.5329 468.6871 461.5286 454.4075
29  522.5723 522.1235 505.5307 500.2823 493.4259 482.7970 478.2478 468.5774 460.1223 452.8656
30  521.9445 520.4158 506.0855 499.1856 492.9029 485.7067 476.9120 470.6212 461.0690 454.4505
31  524.5288 522.8946 505.1945 497.7507 494.9757 484.2398 478.5172 469.3048 458.4706 454.1921
32  523.9731 522.3456 505.5749 499.7880 494.0012 483.7135 477.5446 467.8303 461.0411 453.0416
33  523.1123 521.5323 505.5298 497.4517 493.5521 483.8370 476.6485 470.3742 461.9760 454.9688
34  524.7222 521.6190 505.4917 500.0116 494.8595 484.8082 476.8284 468.7355 457.9591 456.5542
35  524.8350 521.7644 506.1930 498.8300 492.3300 484.9384 475.3208 468.8342 461.8653 453.5150
36  524.6301 520.1854 504.7455 499.8452 493.0000 483.0887 477.1962 467.4576 460.3729 453.5800
37  524.7004 520.8772 505.7364 497.8669 493.9285 484.3841 477.0878 469.7118 459.7408 454.2849
38  525.3222 522.1603 505.9368 499.1352 493.6843 485.3291 477.9094 468.3473 458.1236 452.0180
39  524.1016 522.8116 504.3796 499.4649 493.0891 481.9738 478.1545 468.0071 459.2412 452.6110
40  523.5290 521.6091 506.6576 499.1157 494.8607 481.4510 477.3368 467.2955 459.1314 451.1299
41  523.7603 520.8783 506.2157 496.2214 492.8322 483.4320 476.6658 468.3004 457.8805 452.6977
42  522.0922 521.7907 506.6690 496.3636 494.6779 480.8976 478.7690 467.0197 460.8941 455.2433
43  525.1181 518.9692 505.9664 498.3392 496.3935 483.2624 477.6043 466.5790 459.0373 454.8550
44  523.6973 522.3091 505.0383 498.8714 492.4384 483.8508 477.3546 467.6415 462.1093 455.2581
45  525.9304 520.5283 505.4299 499.6779 493.7405 478.0567 476.4061 466.7162 459.0228 454.9418
46  521.3989 518.9142 503.2433 496.3294 494.7677 482.7888 478.6749 470.2445 460.5840 455.4649
47  523.3897 521.5259 505.2731 499.0763 494.1313 482.5452 475.4199 466.7085 459.0602 450.0419
48  522.7950 521.2213 502.2643 497.4606 492.6342 481.3258 475.2481 466.1753 459.1410 451.4971
49  525.7585 521.7715 504.4600 500.2412 491.1310 482.8138 478.5057 468.2367 461.6602 455.0460
50  525.0113 523.4206 508.1617 500.4740 492.1534 481.6381 475.5078 466.0694 460.8556 452.4747
51  526.4109 521.6134 504.9430 498.4588 492.9163 482.2803 479.3616 468.0244 459.2886 454.1281
52  526.3705 522.4407 507.1765 500.8135 496.1776 483.4954 478.6251 467.4102 459.6093 454.8071
53  525.5589 523.9936 505.7458 500.7110 493.0080 484.8412 479.5900 467.7633 459.2102 452.6157
54  525.5429 522.1497 507.0874 497.0788 492.1826 483.6509 477.1917 471.4316 459.0396 457.0122
55  527.1650 522.4006 501.3412 495.9771 494.3397 483.1164 476.4657 468.2151 461.2183 452.5027
56  521.4892 518.9922 505.0392 497.9353 492.7414 480.5119 474.1311 467.7374 456.9931 453.3168
57  522.5248 520.6209 504.5472 500.2440 494.2013 483.2666 477.7684 469.3235 460.6967 455.1081
58  526.5040 520.6480 505.4756 497.4597 494.6785 481.4591 475.9318 465.3417 460.8629 452.2903
59  522.7044 521.8970 505.6439 498.8276 492.6970 484.1759 476.7496 469.5346 460.0783 453.4939
60  522.1067 519.0468 505.6023 497.8682 492.5823 481.8381 471.8011 464.9996 458.9574 450.1138
61  523.9306 520.0799 502.9680 496.2418 492.9032 483.8869 476.8411 470.0122 460.8310 456.2541
62  524.5751 521.0004 503.7940 497.9979 496.8353 484.8496 477.2528 470.3502 459.6221 454.7729
63  523.6822 522.1836 504.7517 499.0044 492.9982 482.9818 477.0344 469.4606 460.9481 455.3294
64  524.4400 522.1010 505.4301 499.3368 496.0693 484.2016 476.5006 467.9863 461.2674 455.5571
65  525.7531 521.0813 505.7031 498.7960 493.1923 481.0868 475.5601 469.1000 459.8563 453.5280
66  523.5740 522.9807 505.4479 498.5274 495.2333 483.2894 479.1369 470.4103 459.7226 453.1002
67  524.6140 521.1484 504.7200 498.0985 495.1505 482.8280 472.3570 465.4814 460.9788 454.9412
68  527.0594 522.1540 505.0537 499.5372 492.7679 481.3731 474.0520 467.4070 458.6162 453.8117
69  526.8066 523.4889 503.9134 499.4032 494.8981 482.9080 478.2161 468.7864 459.6402 455.2608
70  524.7606 521.2084 504.4108 496.3806 493.8538 481.5109 477.5747 471.4605 463.1064 455.6904
71  525.0689 522.0042 501.6566 498.2511 492.5578 485.8391 475.4623 466.2337 459.4161 451.2480
72  527.0919 523.2492 506.0000 499.5923 497.8078 483.9805 479.5097 468.5863 461.2886 455.0264
73  523.7005 521.7347 504.8962 497.6549 494.4892 482.7484 477.5923 468.2637 458.3148 451.7206
74  522.9880 520.9029 504.2868 498.0388 493.8609 483.6930 477.7054 469.4232 459.9063 452.5274
75  523.6389 518.9144 505.0243 496.7485 491.5076 484.8557 478.4134 467.1903 460.1165 454.0854
76  522.7287 522.0506 505.8533 496.1260 494.7637 484.0665 476.3935 466.1058 462.6346 451.9451
77  523.1386 521.6682 506.2039 498.3586 492.5922 481.3295 475.4703 468.3685 459.0168 452.8022
78  523.8776 521.3601 504.6741 499.6675 494.0292 481.6573 473.7821 466.0488 460.8215 453.7398
79  525.0731 522.7193 505.2111 497.7549 493.2033 480.6671 477.7607 468.9702 464.0375 453.6695
80  522.3786 521.4967 504.7013 497.8572 491.4439 481.0346 474.9152 469.5882 460.0278 453.0788
81  528.4742 522.9982 505.3703 498.9257 494.5966 483.5714 476.2969 469.0250 462.4892 458.2396
82  526.3972 519.7891 504.3716 500.0687 491.4603 484.2736 476.9389 466.3343 459.0486 453.3093
83  522.2241 520.8729 503.9316 498.1201 494.8400 481.9835 475.7184 465.4840 459.1597 452.9491
84  524.1063 522.3045 508.2529 499.7446 494.3189 483.7951 478.6272 468.9029 460.0675 454.1155
85  523.4182 521.2370 504.1783 499.7509 491.7177 482.7909 475.7826 467.3573 461.0100 452.9968
86  523.3831 522.0386 504.2105 498.0985 494.6993 483.0503 475.7787 468.3490 461.6020 453.8729
87  527.0520 522.3408 505.7673 498.1816 494.9984 484.7398 478.6202 466.9893 461.2154 452.3174
88  525.0864 522.3002 505.4670 500.7224 493.8690 483.4623 477.8288 466.4193 459.2500 452.4181
89  525.6260 523.3835 504.7906 498.9390 494.1641 482.6439 477.7518 470.2863 460.2406 452.3182
90  524.9237 522.7448 504.4482 501.0420 495.2874 483.6598 477.7618 467.2200 459.1254 452.6545
91  525.9838 522.2154 503.6450 499.1053 494.6621 485.6861 475.9344 469.0482 461.6904 453.3644
92  525.1929 522.4391 505.8498 498.5053 495.0409 480.4080 477.4576 464.9985 457.2400 453.4548
93  525.0050 523.1748 501.6790 499.2142 495.7132 482.5306 476.1319 467.1408 459.6096 451.6482
94  523.6616 521.3438 505.7184 499.0297 495.7932 483.6995 476.4707 465.6418 461.2987 454.1995
95  524.4898 522.7036 505.4068 501.0990 494.1020 485.5002 477.7571 467.0090 461.8338 453.6439
96  524.3166 519.3288 503.4607 496.1213 493.6314 480.1635 475.5802 467.4554 461.8057 454.3624
97  525.7429 520.3020 505.5694 496.3393 493.9079 483.7569 477.3287 470.4749 460.0517 452.2080
98  527.4477 523.7973 505.7819 497.9085 496.8153 480.5173 477.6470 470.2239 461.5001 452.7687
99  522.1899 521.0606 506.0497 498.9397 494.3303 482.7842 476.0050 468.0046 460.5783 452.5233
100 524.4615 520.4898 503.5952 497.3079 493.8566 484.6233 475.9785 466.5858 462.6713 452.6484
         V30      V31      V32      V33      V34      V35      V36      V37      V38      V39
1   446.9233 435.1350 433.6635 422.6328 412.5194 410.1024 400.0941 398.7183 390.1104 382.3719
2   445.5403 434.2581 433.8578 422.6271 414.8283 408.6827 402.0637 399.5132 391.0017 381.3696
3   445.1270 433.3029 428.2329 418.3215 412.1495 409.3605 399.7159 397.2602 387.9412 379.1797
4   444.0229 435.7425 427.3689 421.2475 412.1170 409.4573 400.6907 396.4955 388.4099 381.9955
5   447.5952 433.9086 429.8616 422.8907 413.1005 410.5448 401.0342 396.1415 389.9805 382.2070
6   445.9153 433.8540 428.5290 420.4010 412.2118 407.3943 399.9425 394.8747 389.4467 380.3065
7   447.2110 433.7719 429.3213 422.0910 411.9421 410.2848 403.0730 397.6719 390.0940 381.9646
8   446.6577 432.5888 430.1973 421.2867 412.0113 407.9431 399.1447 396.6004 386.0889 382.5366
9   444.7234 435.6014 427.5988 420.4671 414.9517 411.2227 402.3096 400.0095 388.0032 381.7098
10  442.2367 433.8718 430.4660 421.3261 411.4088 408.5254 398.9852 396.1774 384.7390 380.0698
11  445.8812 433.9894 431.7143 422.1490 413.5466 408.0724 402.2445 397.9881 390.4265 381.9799
12  445.3310 433.9815 432.7568 423.7542 412.9353 408.7264 400.6653 400.1250 387.8444 383.5336
13  444.7510 437.6319 434.2997 421.6110 412.1734 411.3605 401.6815 397.4885 387.7225 383.7179
14  444.8223 433.6486 429.0130 422.7729 411.8548 409.7719 400.9615 398.7800 389.1632 381.0122
15  444.9941 434.3186 432.8634 423.1391 412.6424 409.9232 400.5237 398.0571 388.0956 382.7911
16  447.6733 436.3365 434.4985 425.2829 414.2167 411.3538 401.2882 398.6451 390.7718 383.8839
17  447.3013 434.6759 434.0572 423.0952 413.2326 409.7219 398.8223 397.2948 389.7981 382.2540
18  446.7721 436.4721 433.8346 424.9837 415.3747 410.6717 404.1975 399.0836 387.3543 383.9993
19  444.9373 436.2720 430.2162 420.9051 411.7564 409.1761 400.1862 396.1858 388.7740 379.0388
20  446.9758 437.4438 434.0565 421.6971 414.8894 410.7206 405.1102 401.7942 388.8963 384.8479
21  446.0907 435.2769 427.3597 422.0701 412.8212 408.4131 401.1028 398.0532 390.8359 379.7771
22  446.0019 433.7994 431.9088 422.8980 413.3106 408.3368 400.3090 395.4771 387.7016 383.3524
23  444.5939 434.6354 430.5389 420.7711 411.6569 409.8523 401.9632 394.3560 388.7750 381.8056
24  444.6860 433.0737 432.2137 423.8929 411.3915 409.4386 401.7988 397.7074 389.3416 382.0258
25  447.1035 436.0883 432.9016 422.6279 414.0036 411.0564 401.2246 398.9289 388.6478 381.3806
26  447.6131 433.7781 432.7316 422.8107 412.9964 411.7930 400.1907 393.4659 389.0195 381.8455
27  444.7546 434.5304 432.6971 422.0620 413.4395 412.1552 401.1973 397.0804 389.9566 382.9883
28  445.6643 435.7780 432.1004 423.8492 411.6583 410.1833 400.2040 397.6613 389.4168 383.2053
29  445.2452 435.2642 433.4358 421.9570 413.4242 409.3444 400.2747 397.5719 386.7452 381.5169
30  446.7092 436.1743 432.4567 422.2318 412.2514 410.9890 399.1949 397.0687 388.4192 381.6428
31  445.6466 436.6984 435.1714 422.5327 417.3677 411.8616 402.9296 400.2155 387.6161 384.0992
32  444.4317 435.6000 430.2295 423.4042 412.6248 411.4784 402.5556 397.1428 388.9798 382.9412
33  446.5696 435.9518 433.7997 423.4802 413.8722 410.6784 400.4669 397.7131 390.5501 382.2135
34  446.1626 434.8545 428.5859 422.5441 411.3986 408.2233 399.7804 398.1168 387.8976 379.1842
35  444.3360 434.8036 426.9431 422.3101 412.8185 411.8240 401.8464 395.8804 387.7122 379.4339
36  444.3949 433.8248 426.5508 420.5718 410.4283 408.6891 399.8089 397.5453 388.1183 381.1448
37  446.5843 434.8094 428.7480 421.9732 413.5894 407.5519 399.7372 397.2110 387.2479 381.0146
38  445.6342 433.5580 432.3701 422.7677 413.0563 408.6572 400.1600 397.3630 388.0204 381.8780
39  444.2714 433.7427 430.4659 422.2851 413.4620 409.2006 403.2783 395.0767 389.7732 381.7561
40  445.4060 432.6572 431.4926 423.1260 410.6642 408.5107 400.5248 396.8062 385.8585 380.7631
41  445.3902 434.6355 432.7397 421.8888 412.9536 409.5627 400.7095 397.2166 390.1767 382.2990
42  445.7892 436.2733 435.2064 422.1269 413.0814 408.0576 401.1587 398.1939 386.4162 382.5864
43  444.4484 432.0209 430.9318 421.7721 413.0688 408.3577 399.3528 397.2346 389.7172 381.5344
44  446.3820 433.1712 432.9345 418.5233 414.1891 410.3653 402.1926 398.9374 388.3881 382.7956
45  446.3240 432.6395 431.5759 421.1526 413.4330 409.2705 400.4921 398.2212 387.9255 383.0358
46  445.7496 434.3450 430.5536 422.6224 413.0213 410.3812 402.1152 396.8055 388.9983 381.6489
47  442.8450 431.9082 430.7826 422.0966 410.7541 408.4689 400.0876 396.2039 387.8042 380.2689
48  444.1873 432.2134 429.9992 420.2980 412.8848 411.5767 400.9574 397.4369 389.0960 382.0891
49  447.2145 436.8947 432.2024 426.2093 413.7566 409.7437 398.5264 397.7673 390.2535 380.1526
50  445.6530 434.4634 429.1176 422.3322 411.8842 407.9184 401.6800 397.6724 387.5606 384.0708
51  445.5530 435.0769 433.3573 421.0149 415.0419 410.0590 400.2291 399.5245 388.6477 380.7848
52  446.3689 434.1727 432.3199 422.7156 411.8897 410.8498 399.1583 397.2264 387.0475 380.8571
53  444.3247 435.7872 431.3650 421.3395 413.6577 409.2110 399.8288 398.7421 385.1968 380.0575
54  445.9505 433.8165 428.8967 420.9661 414.7115 408.2175 401.7085 398.5329 389.1716 382.0665
55  446.8583 433.6265 431.2040 423.0723 412.4544 412.0226 398.9371 397.9952 388.2162 382.2341
56  443.6232 431.9812 425.4153 418.7678 410.5481 408.8701 399.7431 396.8151 388.1350 380.5503
57  451.2291 440.9366 433.3002 425.4285 414.5684 408.9499 403.6102 401.1045 386.2541 383.3683
58  450.8451 440.9216 432.5167 421.0086 412.5401 408.8257 397.8999 396.6913 388.1886 382.2789
59  444.2113 433.7627 432.8145 420.9836 411.4117 407.8042 400.8069 398.0276 387.4609 384.0157
60  447.0865 433.2612 432.7060 419.5691 413.3073 411.4960 400.5718 397.2286 389.5493 381.0684
61  445.0017 436.7426 435.4475 425.3018 411.5018 408.8849 401.8976 397.5772 389.9315 381.6660
62  448.9244 435.3484 431.3201 422.8900 411.9812 410.0756 398.7965 395.9042 388.9940 380.6543
63  445.3781 435.6247 429.5171 423.6001 414.0770 411.6625 402.8691 399.3629 389.2707 382.1412
64  445.2041 436.1564 430.4323 423.0077 416.3005 411.7176 402.0513 399.5960 390.5088 385.3157
65  444.7397 433.4802 431.0781 421.7901 411.9580 411.0786 400.5437 397.4850 387.2664 380.8527
66  445.1680 436.0964 433.6757 424.2505 413.2855 411.1430 400.2096 396.8069 388.5251 383.9356
67  446.5830 435.9035 432.9051 423.7969 413.9883 412.6683 401.6577 399.5079 391.3303 383.1836
68  444.0200 432.3497 427.7763 421.4300 412.3036 409.9887 400.7000 398.6680 385.8316 382.8806
69  447.5032 434.9848 433.7862 423.7273 412.6107 410.3400 402.8616 396.6301 386.9861 382.2057
70  445.2239 437.6849 431.6369 422.6663 414.4524 413.7937 402.3856 401.3478 391.0439 384.8283
71  447.0920 434.9988 432.3743 422.2854 411.9101 409.5023 401.9719 397.9648 387.4900 382.9090
72  446.0623 437.2074 434.2195 421.9765 413.1894 409.6024 399.5976 396.6366 389.3551 379.2463
73  441.2369 433.3077 426.6043 420.8204 412.2674 408.2311 399.9915 398.6562 387.8845 381.5838
74  444.6423 432.6885 431.4991 423.4225 411.9449 410.6077 402.8369 398.4142 388.6395 383.2002
75  447.2922 438.6762 434.6475 423.8129 414.7211 410.7049 401.8379 398.7561 388.6577 384.2012
76  445.3373 433.4466 428.5414 420.8516 412.2066 409.2234 399.0177 396.5275 388.9164 380.4226
77  446.1351 433.5897 431.3734 421.3316 413.8369 410.1935 401.6029 399.6031 387.9952 381.5366
78  446.0262 434.3094 433.3888 422.6319 413.7248 411.3227 401.3745 397.9354 389.7947 383.6406
79  445.1115 433.1818 429.5780 423.3383 412.2128 409.3039 400.1632 395.3857 388.6139 377.9432
80  445.6879 434.7050 429.3078 421.7155 412.4133 410.9853 403.4277 397.5885 387.2742 382.5098
81  448.8447 435.5926 434.6644 424.1213 412.4407 411.7308 401.5131 399.0964 390.8739 384.2159
82  443.5824 434.2048 428.6417 421.4521 410.9255 405.4434 399.2203 396.2758 384.0638 382.1038
83  446.7669 431.0875 430.3062 421.9802 411.0118 407.4093 399.8961 397.7550 386.7604 380.9706
84  445.6849 435.6590 431.2754 423.4488 414.2498 411.6179 400.8249 397.7597 388.9029 385.0958
85  446.9645 437.4227 430.6520 422.3920 414.1762 409.0291 400.1149 395.7370 389.5990 382.6939
86  447.4658 433.3681 430.8848 424.9912 413.2749 411.1918 401.1794 396.7432 388.7173 382.0452
87  445.2535 435.2950 432.5654 422.3999 412.0249 407.2315 398.0632 396.5178 387.7734 381.9377
88  445.0589 434.3373 433.5117 422.3444 414.5528 409.9298 403.3524 399.0691 389.7592 383.1451
89  445.3170 434.7637 429.6352 421.8454 414.6741 409.7663 400.8943 400.1188 388.7841 381.0128
90  446.6153 436.4252 430.7754 422.5792 412.9414 410.6525 402.6312 396.3917 389.2535 382.3410
91  448.9882 434.7036 434.4109 423.8131 414.3860 412.4365 401.7809 398.4164 394.2788 382.1138
92  445.9845 432.4847 431.1477 422.1082 413.3310 412.5969 403.7728 398.4618 388.0433 382.6596
93  443.0458 433.1262 430.9758 420.8211 410.7980 410.1621 399.7805 397.6992 385.1912 380.3352
94  444.7760 434.2267 430.8251 425.2017 413.6978 411.4574 400.7175 397.3854 388.6343 381.3836
95  443.9624 434.2338 430.5255 422.6445 412.8523 409.4021 402.0354 399.4335 387.5303 380.4745
96  447.4742 433.8506 430.5607 419.8730 412.6334 408.7897 402.2917 397.8113 389.1608 382.9349
97  446.5912 435.6379 433.6726 424.3256 413.0710 409.7318 400.8166 399.3562 388.1978 383.5039
98  443.4242 435.4640 431.8371 421.2261 413.0107 408.8375 400.2793 396.2619 390.3057 383.5471
99  445.7608 436.0601 434.0293 423.2303 415.4459 410.6345 401.5103 397.4795 388.5017 384.3300
100 445.9727 435.3158 431.0549 421.6764 413.9482 409.4313 401.5592 399.2612 389.9259 382.6828
         V40      V41      V42      V43      V44      V45      V46      V47      V48      V49
1   379.2157 371.7492 366.0212 359.7477 354.0824 351.5975 348.0715 344.5371 340.8631 329.5490
2   378.5364 372.5696 366.9457 356.6110 356.3806 351.0921 349.5335 343.6877 338.8240 327.8924
3   378.2522 372.5330 365.5511 355.3439 351.8560 346.9034 345.2874 341.4067 337.5524 327.5222
4   379.4238 374.3989 366.0795 356.4224 352.4615 349.6082 346.3332 341.7616 339.3746 329.6393
5   378.2926 370.0713 363.8680 357.4036 352.9823 351.0460 347.0898 345.2554 337.2976 328.6192
6   377.3933 371.1908 365.8314 354.4000 352.4787 350.5295 347.3746 343.7304 341.0535 328.0858
7   380.1444 374.1042 363.3260 356.3850 354.7774 351.4156 347.0047 343.5934 341.4954 330.3045
8   378.5191 374.5626 365.3012 353.2665 352.1532 351.2586 345.7883 344.3085 337.8356 325.4796
9   380.0011 372.8588 365.5857 358.3100 356.0533 354.5755 349.2237 344.9472 340.7269 331.6852
10  376.7436 370.5362 362.7011 355.6775 354.6238 352.1867 348.4606 343.3948 337.2521 325.9324
11  379.0776 372.9614 366.0010 356.1498 355.2376 348.2918 346.7788 341.8832 339.5810 328.1516
12  379.6394 373.1831 366.7099 357.0737 354.6839 349.8574 346.3375 345.7251 341.1220 330.5077
13  378.7414 371.8660 364.3289 355.8102 354.5651 350.6705 347.0064 342.7735 339.2128 330.4023
14  378.9535 371.4417 368.1541 358.9149 356.0438 350.4333 347.2124 344.4475 341.2330 329.8037
15  381.7940 375.3823 364.0554 356.6395 355.2281 350.8805 345.6779 344.6951 339.4107 327.3854
16  380.0770 376.7512 366.0992 356.8953 353.4002 348.5222 345.9288 343.6442 341.0889 328.9711
17  378.9200 369.6480 367.6403 356.7857 354.5695 350.0623 347.2892 343.5257 338.8709 330.2162
18  378.9861 373.7682 369.4546 358.4425 356.1188 351.1239 349.2182 345.0255 341.0826 328.7307
19  376.1336 370.7675 364.9227 356.8839 355.2133 348.8162 348.1939 342.8236 339.3994 328.2920
20  382.4929 375.1911 363.2593 358.1118 356.7940 349.8591 347.0320 344.2495 340.1670 328.2211
21  378.9743 370.1271 367.3453 355.6837 354.4179 348.6770 348.0453 344.4771 337.9930 328.9864
22  377.9809 373.1566 368.2449 357.5945 356.5740 352.8178 349.3537 345.8448 342.2947 329.8526
23  376.8144 368.6683 366.0627 356.6565 354.9292 346.9847 345.7318 342.5160 338.0284 328.7271
24  377.6273 371.0882 364.5970 355.5022 353.8331 349.8862 347.3089 342.8667 339.1131 330.3585
25  378.8351 372.1211 365.6953 356.4323 355.6909 351.1442 348.5954 344.9103 339.0898 331.0662
26  378.9970 372.1184 364.7186 354.4857 354.2034 349.1162 345.9892 344.3464 339.6019 330.6721
27  380.9346 374.0941 366.9602 357.5597 354.2863 350.1476 347.1144 344.7277 339.7180 331.1861
28  378.8053 374.1496 367.9927 358.0605 353.4724 351.1055 347.7679 345.2551 340.9530 330.1396
29  378.3756 372.1563 365.9915 356.8629 354.4615 353.5109 350.8835 344.8490 339.0660 330.4826
30  377.3389 370.2892 367.3458 357.0326 354.0201 351.2754 350.6219 345.0971 339.7557 328.6178
31  379.7888 372.9052 370.0219 361.2118 354.6342 353.1480 349.7340 344.2027 341.1264 328.5058
32  379.3914 373.7878 367.9709 360.3709 356.2967 355.2541 351.5067 346.1624 339.8532 328.6327
33  378.7818 373.4401 362.7002 358.8279 354.6883 352.3293 347.8154 345.3489 337.6391 328.1531
34  377.1462 370.6210 366.3860 358.0996 356.9379 351.0389 348.2155 345.5824 340.0250 328.4034
35  378.4502 371.9052 365.2355 358.2388 352.7806 350.7906 346.8248 342.8248 339.9938 328.2665
36  378.2829 370.6621 364.7856 359.0212 355.3502 352.7260 348.0813 345.8785 340.9474 330.1451
37  375.8199 372.5715 365.8007 357.5302 355.9019 349.5819 347.7566 344.0507 340.3320 330.8261
38  379.2611 372.7060 363.7023 357.3383 355.8271 350.8538 345.9654 344.8578 340.4638 329.1017
39  378.6251 372.9555 365.3033 358.0913 356.0902 351.8444 346.8158 344.3258 341.0908 330.3362
40  377.8955 371.8524 367.1531 358.6263 355.4558 350.5672 347.3421 342.8255 338.5527 329.5318
41  380.3292 372.8332 368.1711 356.5403 354.3803 350.7471 347.8343 344.2832 339.0699 328.7909
42  377.8088 372.9835 364.7073 358.7025 355.1974 354.6482 347.2491 344.0451 340.1737 328.0159
43  377.9222 371.4982 366.4296 358.0601 356.2786 351.6470 347.0156 345.1831 341.2301 329.9194
44  379.1706 372.3516 364.8113 354.2470 353.1654 349.8396 345.8203 341.4648 338.3559 330.1333
45  378.7449 375.1954 368.2777 357.5236 354.4735 352.9157 350.1041 344.7563 340.4951 329.1049
46  380.2490 373.3648 365.7196 355.5707 353.7988 351.3187 348.1009 344.1406 339.5889 329.1538
47  377.8578 371.5215 364.2848 359.9723 354.7016 351.8733 345.8969 343.6286 337.9382 331.2782
48  379.9263 373.4233 367.6092 357.2198 351.3685 349.9821 349.3478 344.9238 339.3019 328.9111
49  378.0737 371.3292 367.4718 355.6706 355.2257 350.5045 346.2042 344.4686 339.5377 327.1908
50  379.1999 374.2592 366.5170 357.2683 355.8051 351.7803 347.2566 345.7881 339.8052 328.0146
51  378.9879 369.8260 365.5756 358.5663 354.7627 350.5850 348.8383 344.4857 341.3267 330.7803
52  377.5786 372.4324 363.9574 358.2003 354.8308 349.1965 347.5837 344.1214 340.4051 331.4813
53  378.9170 373.1302 369.3606 356.1692 354.1701 350.0214 346.6483 342.1660 339.4969 330.8747
54  378.3882 373.4503 365.6599 358.2133 354.2133 351.8767 348.2677 343.9296 339.8083 330.1328
55  379.7925 371.6881 364.8972 355.5410 354.1129 348.6792 347.8653 343.9676 339.1500 332.8364
56  377.5397 371.8069 363.7896 357.0063 354.3333 350.8797 347.7874 345.5966 339.7449 329.5439
57  379.2897 370.9609 367.4652 357.4232 355.3117 353.3852 348.6992 342.9345 340.2389 328.7797
58  378.7421 371.0976 364.6920 358.7469 354.5479 351.5328 345.7623 344.0670 339.5286 329.0822
59  378.6067 372.5925 366.6393 357.4686 353.9403 352.7823 349.5150 344.3915 341.3538 329.6583
60  380.2636 372.0032 366.9321 358.0485 355.6160 351.9817 348.4588 342.8904 341.1093 328.2730
61  377.0931 369.0699 364.4300 356.5788 353.1124 350.5062 347.9602 345.8625 340.1056 330.2480
62  378.0437 373.3161 366.7818 360.1462 357.0977 354.2736 348.8720 345.2329 341.1227 327.7753
63  380.3674 373.0836 365.7574 357.0215 351.8727 351.6417 349.0494 344.4477 341.0321 330.6107
64  382.0202 372.5617 365.5385 360.1550 353.8390 352.3031 348.7244 344.6607 339.7504 329.1873
65  378.9444 371.5402 369.4386 357.6895 353.5874 351.5194 348.1095 343.8693 338.7420 328.6259
66  378.5957 370.8278 369.5568 356.7102 354.1552 350.1179 349.3050 346.6407 339.0396 329.0289
67  381.9502 375.2515 367.2914 358.2177 357.8131 353.8822 350.6214 344.9626 340.1161 330.9238
68  379.1050 373.8768 363.4210 356.4421 355.0720 349.7890 346.0227 344.4091 340.5242 329.6228
69  378.5255 375.0089 366.0546 357.4936 354.9931 349.0421 346.4934 343.0821 339.7203 328.0011
70  381.8984 371.3544 369.5246 360.7856 355.1955 352.9363 351.9624 346.3668 342.4768 333.1335
71  379.2290 371.0822 365.1283 355.8638 352.3982 348.7652 347.0873 343.6345 339.6361 330.4265
72  377.5822 370.7857 366.5891 358.8624 355.9086 351.2688 346.1588 344.0368 341.1306 329.1213
73  378.9014 368.7789 364.8388 356.7725 353.5169 350.5393 346.1599 344.0002 340.3706 329.9088
74  379.2826 376.1340 369.7316 357.7673 354.0814 352.7800 349.1932 345.9027 342.1446 329.1340
75  379.4415 374.6243 367.3774 358.6142 356.3631 353.5992 349.0420 345.4596 341.8411 330.5186
76  375.8020 370.0717 363.1026 355.9537 355.2929 352.0814 346.5684 344.0231 341.6116 328.2264
77  379.1562 371.1187 367.0856 357.6752 355.8456 350.3374 347.2576 345.5724 337.9427 328.3773
78  379.0334 373.5059 366.7836 357.2104 353.1985 349.9349 346.4388 343.9876 337.7897 328.5958
79  377.7015 369.8883 363.8154 357.4541 354.2703 353.5307 346.9535 344.5944 338.3743 326.5485
80  378.9132 371.6639 369.3389 360.1637 355.3947 353.6125 348.9306 343.1366 339.7631 331.9241
81  380.7335 374.4140 370.3169 360.9647 355.9013 354.1488 349.6348 348.0080 341.3805 330.5017
82  378.1064 373.9071 364.1729 356.4522 353.2701 349.2420 346.7252 343.5597 337.4322 328.8264
83  379.0431 369.4482 362.5393 354.1373 350.8662 347.6388 345.7572 341.4289 339.7405 328.3747
84  379.4521 372.1674 364.9499 358.4135 355.0918 354.2240 349.0361 347.9868 341.1811 330.3721
85  378.6310 372.8406 367.2227 358.1001 354.0861 352.5729 349.2821 345.1465 339.8521 328.0388
86  378.9608 373.8274 366.2717 357.1072 352.9547 350.3126 346.0516 344.4442 338.0386 329.2446
87  379.1924 372.2909 365.9866 355.9439 353.9357 352.4300 348.9999 343.9405 340.6842 328.4249
88  380.2713 372.1612 365.2821 357.0338 356.0696 353.5958 347.8705 345.0244 339.9907 330.4360
89  377.7877 368.7723 365.5783 356.0281 354.9511 348.8672 346.1263 344.3088 337.3475 327.7998
90  377.8200 371.2626 366.6010 357.7526 354.8287 353.1539 347.6521 343.0462 341.0353 328.3703
91  381.2386 374.2247 369.9424 355.2880 353.6427 349.9432 348.0288 344.8249 340.3480 330.2595
92  380.6005 370.8863 365.7770 357.3230 353.0700 348.7793 347.2766 341.7387 339.5671 328.4703
93  378.0641 369.2745 364.6896 357.9004 356.7995 350.5163 346.4411 342.1341 340.2503 330.5872
94  379.0520 369.3800 366.3869 356.9840 354.2226 351.5562 347.8967 344.5116 340.4204 332.7807
95  377.1243 372.3265 364.8742 355.3261 354.6818 348.9016 345.8481 341.6820 337.9053 327.5006
96  381.1895 372.4314 365.2801 357.3394 355.0577 351.9092 349.3135 344.8635 341.3428 331.7429
97  380.7130 375.7559 366.0437 356.9064 354.5554 351.0975 349.4251 344.0236 341.6563 330.8807
98  377.6746 373.2656 366.4305 357.2162 356.3809 352.9646 348.2527 344.3515 338.9090 328.9932
99  380.7578 374.2818 372.2812 359.0788 357.7606 350.9564 349.3063 343.4882 337.6957 329.0816
100 379.9251 374.8791 363.7070 356.9468 353.0260 351.0864 349.3645 343.6941 341.4401 329.0355
         V50      V51      V52      V53      V54      V55      V56      V57      V58      V59
1   322.1536 319.0435 308.2309 301.2056 299.5364 292.1921 286.6210 285.3613 274.6404 271.3936
2   321.2652 318.2405 308.9219 304.2682 300.9724 295.5958 287.6572 285.5771 277.1997 268.5850
3   320.8600 318.0371 309.5593 301.3761 297.3271 288.9378 287.3882 282.9036 272.0409 268.5490
4   324.0169 320.5099 309.1779 302.4098 299.5741 292.7981 284.8503 283.6384 275.9760 273.0440
5   322.6857 317.3313 309.2126 303.2162 300.3423 294.0616 285.3834 284.1334 272.4390 267.8053
6   323.3794 312.8547 304.5725 301.9443 297.6856 292.5247 287.5025 284.8983 275.9012 269.5066
7   325.1394 316.5894 308.1334 303.5739 301.0407 295.4239 286.9210 285.6455 276.3779 273.2439
8   320.6243 317.8965 311.7846 299.3305 296.4840 290.6463 287.2879 283.0146 276.3598 272.3145
9   324.3511 314.9624 307.3313 302.9246 300.2795 293.6194 290.2790 285.7685 271.9849 268.8465
10  321.6440 320.0557 309.0645 300.5948 297.3725 292.8708 288.4557 285.3002 274.1548 270.7461
11  322.4500 318.0457 308.3055 303.6672 299.3822 294.3213 289.6303 282.2924 281.1556 269.6602
12  321.4691 314.2178 306.3938 301.7842 298.5381 293.3261 285.9554 284.7697 274.1631 270.3821
13  323.3034 316.7530 306.6473 303.0212 299.8026 293.5037 286.9684 285.5125 273.3407 269.9664
14  324.8216 316.8466 305.8384 303.5004 299.2843 292.5341 285.9342 282.0772 272.7506 267.8351
15  321.8120 314.7409 304.9785 300.4696 298.4117 293.0009 288.5281 284.6350 277.0749 269.0356
16  324.8631 319.8609 310.7805 304.9374 300.1429 293.5340 289.9103 282.3162 276.6594 271.4415
17  322.7044 317.5131 307.9610 301.8031 298.5618 291.7562 285.2798 283.4439 274.2920 269.8585
18  321.5114 316.8445 306.5387 302.8217 300.3337 293.9775 288.6937 284.0198 277.9394 270.3552
19  321.0309 318.8360 308.3202 303.5710 301.9272 293.2589 284.8417 282.1436 275.3588 270.7875
20  322.0756 316.6262 309.0729 302.3690 299.9534 289.9417 283.0943 283.0238 273.2656 267.0068
21  322.3368 320.7163 309.4315 302.9758 300.6343 293.1227 287.7450 284.5246 274.5484 271.5527
22  320.9407 316.9093 309.5336 302.5907 300.4351 295.7206 288.1049 286.6624 272.8620 270.1534
23  325.3473 314.4265 307.4354 302.8736 299.8351 292.3550 284.3037 281.8916 274.3294 268.4000
24  321.3585 320.0521 311.4199 302.7535 299.4193 294.1495 286.7826 284.5808 275.5324 269.4020
25  321.7400 319.2454 309.5189 304.3097 301.1336 294.9425 286.7876 285.5883 276.8334 273.6250
26  324.4300 316.8227 307.2578 301.4522 300.6011 293.5912 286.6603 285.8123 275.5184 267.9024
27  323.5859 320.5283 307.8162 303.9590 298.9697 293.9556 287.6964 284.6415 272.6880 268.1501
28  322.1482 317.7422 310.0161 303.7768 299.6064 292.2224 287.0554 286.3056 278.1754 275.0382
29  318.5650 314.9350 308.6115 302.8944 301.3698 294.5170 287.7115 286.0290 271.9812 268.4918
30  320.1911 318.9814 308.8535 303.3907 299.0696 291.5444 287.3863 284.3094 279.6362 269.0361
31  322.7427 318.7682 309.3519 303.5608 300.6329 292.8389 289.8362 286.6280 276.6362 273.6571
32  321.3591 318.7341 308.3122 303.6120 300.0902 294.0320 290.3491 287.5130 274.0367 272.7135
33  323.4119 317.5394 312.9378 309.1493 300.5603 292.8316 289.3141 286.3684 276.9832 269.1173
34  321.5893 315.7333 307.1223 302.2656 298.7570 291.1694 287.0712 284.0945 276.1083 268.2873
35  322.7606 319.4140 309.0303 302.7747 297.5344 291.8013 287.7381 283.9508 274.7144 268.5458
36  324.6128 322.0661 311.3450 303.4188 299.6379 293.9051 287.1259 284.6683 276.5913 269.4443
37  329.2707 315.4997 306.5712 301.1759 297.5178 290.6646 289.0242 283.8737 279.7095 270.3219
38  322.8107 320.2607 311.4747 301.8059 298.0207 294.6302 288.9253 286.8531 275.6235 271.7851
39  321.1188 317.2823 307.9302 303.4718 300.4646 293.6686 287.3380 283.1923 275.3810 270.0322
40  323.6258 321.1194 310.7816 303.7327 298.4339 291.9407 286.9101 285.1464 273.5926 268.6703
41  322.7249 319.9995 308.6586 304.8108 301.6332 296.3999 287.3950 285.1322 280.4388 268.9604
42  322.5649 316.2563 308.3946 301.3332 299.4473 293.0258 289.8706 284.1980 274.5165 270.6515
43  320.5734 316.5947 308.5676 302.7424 298.6134 294.1804 288.9432 285.9704 277.4507 269.3657
44  318.4698 315.5841 307.7131 302.0859 301.2599 292.0133 287.6725 286.2286 274.4018 272.2094
45  322.4542 318.0588 311.0073 304.7096 302.4106 293.7294 290.5005 284.3263 278.6518 274.6950
46  322.8897 320.4032 308.6919 301.8797 297.7137 292.6818 288.6683 285.7988 275.7963 268.8159
47  321.7210 318.2353 308.0630 300.9401 298.5422 292.6177 286.4189 282.1102 275.8752 268.3887
48  320.0210 316.8563 307.7413 303.5445 297.7795 290.7509 287.6186 284.3170 272.0917 267.1381
49  319.9917 317.2103 305.4721 302.4438 298.0140 292.3654 288.4516 285.6594 275.2382 270.4322
50  323.8733 320.1679 312.1266 303.1541 299.2883 294.2600 288.9249 284.2982 278.9953 275.1545
51  321.8405 319.5224 307.7059 301.5444 298.5796 294.3136 287.2946 285.7991 280.1392 268.8641
52  323.4558 317.7685 307.3759 302.0621 298.3149 291.6880 286.5902 285.2394 277.1722 268.4291
53  323.6957 321.3261 310.7827 306.6278 301.3628 294.8470 287.8585 284.4075 277.4201 272.2061
54  321.8838 319.6693 311.1622 306.0725 301.4916 295.9125 290.0608 285.8974 280.8955 274.9743
55  322.9019 319.8170 310.1143 301.0656 299.1238 292.4060 288.5755 286.8060 273.0978 269.2068
56  323.9024 317.8079 310.3788 302.1675 298.1344 292.9732 287.2151 285.4307 270.9472 268.0133
57  322.2376 319.4288 309.2503 302.5275 298.6621 295.2130 288.8779 285.4276 275.8395 271.0000
58  323.0767 318.5124 306.6759 301.3224 296.7100 292.9287 286.3232 283.1945 272.8210 270.6444
59  320.2024 317.3790 311.0486 303.6795 299.7842 292.6779 288.7652 288.0858 277.6015 270.8019
60  325.0023 317.9339 307.5947 302.8056 297.9588 291.4613 286.0155 284.1526 273.2272 267.5181
61  322.6221 320.0412 310.8767 302.3290 298.0773 291.7919 289.2610 286.5835 276.7369 271.1562
62  325.3984 317.0423 307.5218 303.0277 301.6220 294.5715 290.4873 284.9295 273.5654 270.6483
63  322.7648 320.9124 310.2647 305.8891 302.2580 294.3802 288.0471 285.3294 271.6824 268.7857
64  321.4929 319.0329 310.4144 301.8239 300.2704 295.3991 286.0391 284.4698 275.2444 269.6647
65  323.7357 319.4443 308.7808 301.5182 299.7941 294.2569 287.9017 285.6056 278.6150 273.0461
66  322.6902 319.1107 311.5201 303.7678 300.1589 294.1957 288.3067 287.0823 278.8817 275.4155
67  322.5093 319.3116 310.2378 302.9257 301.3050 292.8436 289.6793 285.4432 279.6316 267.7496
68  325.5503 319.8497 311.1818 305.7684 300.9395 295.6930 290.0286 286.8234 276.3406 269.7425
69  321.6220 318.1202 309.3211 300.6415 297.0673 293.1204 287.1506 284.5077 275.0961 269.9044
70  320.9289 317.3745 311.7254 303.9903 299.1046 292.6615 289.6547 285.0713 280.3397 269.5905
71  322.6879 317.5153 309.0625 303.9121 302.5969 295.8802 288.9086 283.4138 279.4464 272.3366
72  326.1831 318.2307 311.0844 302.3506 301.4429 292.0103 288.8277 284.3499 279.0608 274.2843
73  322.5485 318.2047 307.7181 301.6964 297.7948 293.3680 286.2295 283.0566 274.8179 267.6054
74  327.1516 321.2026 314.4324 309.0986 301.4730 294.8804 289.9432 286.1440 278.4995 274.1320
75  324.4980 322.3498 312.8730 304.3742 300.3068 293.5793 289.7545 288.8951 277.9687 274.2982
76  319.6874 315.2405 304.7737 302.4289 298.4841 293.3163 286.6061 284.1161 272.9633 267.7445
77  323.7976 318.4028 309.3705 303.9310 297.5054 293.5006 291.0072 286.2416 278.4300 269.8363
78  320.5156 317.6428 306.3101 301.4030 297.6337 293.8956 287.5830 283.4908 274.1529 269.0371
79  322.4504 317.4966 307.3421 302.8353 299.9735 293.6508 289.3486 283.0124 275.9892 271.4497
80  318.4267 317.4244 308.3428 303.8514 300.3564 293.6652 286.8144 284.9326 274.4075 270.3113
81  322.9208 318.2370 311.1421 304.2250 301.5790 295.1417 289.0493 287.0176 280.0355 271.6903
82  322.3609 315.1743 307.3016 302.1988 297.7422 292.5506 285.8292 283.5352 273.3759 268.6230
83  320.1608 315.5872 305.5429 300.7320 297.9013 291.6027 286.1864 284.1063 276.1624 269.2301
84  327.2473 318.8668 307.6887 301.3726 298.5773 292.7064 289.4366 285.2764 274.8510 268.6604
85  322.3741 318.6332 310.7285 303.6142 297.8623 291.9620 289.0361 285.6440 274.7790 270.4076
86  323.4749 318.8309 311.5791 301.3989 298.8509 292.2465 288.7775 284.8851 278.6458 273.1601
87  322.9252 321.5957 311.0885 304.6003 300.4502 295.7742 290.1951 287.1675 278.8089 274.5423
88  321.2316 319.8775 312.3434 306.2971 301.1058 294.1564 290.0626 287.6436 276.7972 274.4088
89  325.0695 322.0981 307.6735 304.4810 299.8514 295.6728 288.4154 286.2669 276.8672 271.4446
90  324.5399 318.4851 307.3844 302.5690 299.6062 293.8912 287.3344 286.3141 274.2830 270.5044
91  323.0279 320.3597 310.4174 304.7432 301.7920 293.7621 287.2596 284.5933 273.7874 269.1761
92  322.1911 316.0739 306.8281 301.4408 299.5032 291.9457 286.1976 284.5695 276.0652 270.7613
93  321.6717 318.2572 309.3385 302.2579 297.9986 292.7399 287.8925 285.1862 273.5754 269.2236
94  323.1574 319.7830 305.4026 300.6162 295.9993 291.6361 286.6219 284.6679 273.7105 268.0293
95  322.6668 320.3519 310.3402 300.7261 297.3336 290.2199 286.4198 283.6280 277.7076 269.5469
96  321.2555 318.0114 308.9408 302.4566 300.5191 295.0385 286.8315 284.9960 279.5494 268.9564
97  319.8648 318.4699 306.4937 303.0996 300.0571 293.3499 288.4638 285.0697 276.9977 270.6309
98  323.9107 319.8292 308.7899 304.0752 299.3698 294.2989 286.3811 282.2601 275.4321 269.5587
99  323.5689 317.2830 309.2783 304.2485 302.8945 295.9114 288.5939 285.5990 277.5122 270.8492
100 326.1337 319.2529 308.7870 301.3643 299.8384 291.7265 288.4116 284.7888 278.2806 275.7685
         V60      V61      V62      V63      V64      V65      V66      V67      V68      V69
1   267.9166 263.7210 249.2098 238.0998 231.4112 211.4911 196.9286 183.7384 166.9922 147.7938
2   266.1736 263.7236 246.3161 237.6714 231.1279 212.1305 193.5388 182.5633 159.8269 145.0276
3   267.3925 263.4573 245.4086 238.5128 231.0601 215.6691 192.6047 182.6253 166.7934 142.8914
4   268.4269 262.0292 246.0493 239.1984 230.6990 210.5163 191.7601 181.9284 165.9082 152.9841
5   267.3240 261.8285 247.5176 237.6855 233.7495 216.3297 195.3314 184.2854 162.5115 152.9410
6   266.6525 261.4053 246.2301 238.0455 231.5830 208.9512 193.8741 180.6386 163.0472 153.7510
7   270.4950 263.9676 245.3635 238.3083 230.8845 215.9971 198.3848 181.8779 166.1441 145.6437
8   267.0760 263.2344 247.3395 240.4687 231.2136 213.3114 193.3915 184.0232 164.5545 149.2439
9   267.6420 261.0816 245.1477 237.7624 228.9116 213.5070 192.7248 181.5825 164.0236 149.8359
10  267.6566 262.3113 252.0220 236.7194 231.0380 212.3399 193.7575 184.6367 167.1726 151.6799
11  267.3046 261.4675 244.4078 237.9018 232.2379 211.5774 190.5714 179.6151 164.1090 147.5096
12  266.4319 263.1764 247.6984 239.3782 231.3265 213.6214 194.8200 187.0069 162.5750 145.3752
13  268.8395 262.6949 251.5834 237.6716 233.2857 210.8077 194.1935 184.2006 166.1843 148.6250
14  267.0949 262.6969 244.6543 239.9741 233.3001 210.8686 191.9389 178.6229 160.3015 151.5230
15  268.7896 264.4617 247.9072 236.3554 232.7037 213.3440 193.8245 182.1232 164.9141 149.4374
16  267.4192 265.0009 246.5390 239.5977 232.1262 219.2924 196.9993 182.5983 166.4205 147.4409
17  267.7360 262.5670 256.6313 237.6177 232.8360 210.0917 197.4583 184.0586 159.0354 146.3482
18  268.8721 264.7306 243.9263 240.2956 231.0773 209.1487 193.2290 179.0692 163.3491 143.5240
19  266.3004 262.2493 244.0307 237.7159 232.0561 212.1185 190.6130 179.8845 164.6657 146.6200
20  265.8830 262.2314 249.2051 237.8783 232.9904 211.0665 195.2600 187.8787 163.1882 143.8710
21  269.7558 263.5047 248.9924 240.6320 234.6151 214.6741 195.6775 185.3011 163.7677 146.2151
22  268.6394 263.3003 250.0455 239.8472 233.0241 210.7109 192.4117 185.4163 162.8081 146.0890
23  266.4185 262.9301 244.2027 238.5574 231.0123 211.3334 190.2005 178.6933 160.7356 154.4189
24  268.4214 263.5733 247.6860 236.4250 230.6059 209.9948 198.2143 179.6568 169.3223 145.9084
25  267.6737 263.5021 246.3733 235.9204 230.0200 209.1567 190.8537 177.8475 167.4742 153.4743
26  266.3513 261.3634 243.7490 237.9455 228.6595 209.6473 192.0107 181.5434 163.4070 153.9045
27  264.7495 262.4446 245.3936 237.4635 230.9224 210.2531 196.8273 179.2334 165.6111 147.3927
28  267.0050 264.4390 246.5920 236.4144 228.8692 211.8797 191.0701 180.0972 165.4610 151.8517
29  268.0026 263.0207 247.0448 236.6239 230.4108 211.4034 193.4487 183.7674 158.6808 143.7940
30  265.5984 263.3026 246.9839 238.8060 231.8694 214.1195 196.6846 180.5459 169.5465 148.2038
31  267.6204 265.0019 247.8384 238.2753 231.4784 215.9177 190.3628 182.7753 165.5819 153.3785
32  271.2099 263.6819 247.5173 240.8339 232.1817 209.8043 192.9972 183.7827 164.9147 150.2830
33  267.5569 265.1974 248.0817 238.9833 232.6337 214.5859 197.3479 183.3805 168.8953 145.5065
34  266.8183 261.9560 247.5055 237.3564 232.8575 211.4518 191.6427 183.0442 161.8311 146.0961
35  265.7380 261.3358 247.2752 236.7809 229.5511 210.1278 192.5319 181.5620 167.9309 149.6041
36  266.8472 263.0796 247.5051 239.8703 232.3062 214.4710 197.1104 179.2870 163.9757 161.1739
37  268.0900 262.8254 251.3486 240.3792 231.5698 210.8083 191.6252 180.6105 161.1222 146.2661
38  268.6393 263.5867 247.9232 238.2469 231.3006 212.0286 191.4063 186.8822 161.4696 158.8880
39  268.5417 262.3112 247.0218 238.5833 229.7147 210.8406 195.0998 180.0773 164.0136 148.0689
40  267.9164 262.5116 248.1739 237.5084 231.0693 210.2512 194.0089 184.0718 165.3274 148.5063
41  266.9932 263.8197 246.7401 237.5007 230.5821 210.3874 191.9297 183.4014 161.3976 148.0869
42  263.9972 262.1504 246.3194 237.6386 229.5382 209.1679 189.6965 179.8156 163.6425 146.3971
43  268.7681 263.7851 245.8757 238.4663 230.7557 211.9172 195.6362 185.8220 163.7760 143.9199
44  268.5864 262.9055 249.3335 240.4819 231.0992 214.3879 195.8087 185.3534 167.6979 144.7495
45  272.3141 264.0696 250.0968 242.3801 233.6592 213.3946 195.3296 181.8927 168.8565 147.3276
46  266.7240 264.1423 252.1302 239.0644 230.7700 212.3383 194.6018 184.8691 164.8362 146.4071
47  265.3303 263.3976 243.6994 238.1565 230.1017 214.7896 192.8314 180.0012 167.6235 160.0338
48  266.8726 263.4311 244.3280 235.5190 229.6375 212.2774 194.9093 181.9248 165.6907 152.4652
49  268.2557 263.8500 247.2648 239.7342 233.5339 213.7354 193.1791 182.7732 166.7933 148.0477
50  268.9799 265.1580 251.3586 239.5505 234.0415 214.3108 195.5543 183.4294 162.3207 151.4352
51  267.7551 265.9187 245.9804 241.2636 231.6176 215.2675 191.5266 179.1611 158.8974 152.6047
52  267.5581 261.3063 246.9145 236.9039 229.6196 212.9543 194.4866 183.3201 169.5143 146.2880
53  269.6047 263.6047 247.9720 236.6249 231.2993 209.5598 189.7249 180.4701 163.5344 143.9846
54  268.3529 263.4538 246.9246 237.8459 230.2854 214.0228 195.5551 187.4325 164.1004 142.6062
55  266.9375 263.4174 243.6357 238.8847 229.8437 211.1861 193.9627 179.8155 162.8773 146.4472
56  265.2065 262.7841 245.2388 238.5079 229.6291 210.5680 192.8420 181.6523 162.4691 148.2182
57  268.7377 263.9844 245.8562 236.0070 230.8541 209.5320 190.5981 183.2127 162.0292 147.8371
58  265.9552 262.1800 247.3551 237.7532 227.9583 213.8670 194.7034 181.4026 164.8380 145.8874
59  269.0844 263.3938 245.6097 238.5223 230.9179 212.5657 194.1754 189.0039 169.1792 141.8973
60  266.5728 261.0270 246.8846 236.1777 231.4153 211.7736 193.6658 182.4738 164.8857 156.3121
61  268.8205 266.1795 246.2322 237.8376 232.3571 211.2963 192.5914 180.5910 160.8570 148.0918
62  268.6758 263.6349 248.4847 239.0186 230.4568 213.9308 197.4413 183.3937 162.4384 150.9368
63  265.2508 262.9990 253.2087 239.2678 235.7477 212.1235 195.5033 179.4582 163.3479 146.8586
64  268.5119 262.1753 246.9469 238.1866 230.1922 213.6424 193.5090 183.4199 169.6188 149.3950
65  267.6765 264.7251 245.5680 239.2476 230.6959 216.0656 191.6003 182.6638 161.6427 141.5984
66  266.5072 263.7265 250.3551 239.3201 231.3200 210.2941 194.1299 182.6081 161.4029 142.8669
67  266.5954 263.5194 244.6363 237.9429 227.5245 211.9691 192.9652 179.5163 162.7550 153.7231
68  269.2568 262.7628 245.8877 240.2341 232.6916 216.8159 194.6030 178.9919 168.9035 143.6693
69  267.4933 260.3634 248.7431 237.0569 231.8491 211.4476 191.2996 181.1602 168.3821 151.7221
70  268.8232 265.4769 250.1630 241.3845 231.8638 217.0339 199.2653 182.5144 168.7141 152.8752
71  268.4767 264.7878 245.5839 237.5589 231.6942 212.6034 190.2576 182.1188 167.5931 160.9512
72  269.8781 263.8574 246.8821 241.2530 233.9974 213.9462 194.7490 181.3008 158.4524 152.3769
73  266.9545 263.3171 247.8753 240.2048 232.4380 213.0590 193.6535 178.8209 163.9897 145.2578
74  271.7581 266.5431 252.5483 242.3927 233.3373 215.0172 193.2900 185.1383 167.1889 146.7201
75  268.2752 264.5193 249.8400 238.0548 233.1016 209.2619 191.3045 179.2392 162.8443 150.2488
76  265.7085 261.6668 244.9712 239.0042 232.8398 211.5992 197.9011 178.9190 172.0350 152.5834
77  265.6396 263.8978 248.6145 238.2206 231.3104 212.2115 191.4186 183.5778 164.5772 163.4540
78  268.1086 261.9591 245.0525 237.0214 229.9570 214.7547 191.0660 181.9262 166.8054 148.4242
79  264.9812 261.5046 242.1365 237.4479 229.7110 206.9633 188.4019 178.4058 161.3805 148.7670
80  269.4717 263.5395 248.5271 240.8374 233.5292 211.6522 189.1906 182.9090 164.3191 148.2767
81  269.4274 265.7431 249.1966 241.4350 233.6027 216.3953 192.8920 183.9378 161.6726 144.0028
82  267.1223 262.4126 246.6245 236.5018 228.7309 212.4974 194.3618 182.7986 171.1307 144.8600
83  265.4731 261.3471 244.6080 236.9562 229.5720 212.7697 191.9463 180.7248 159.9257 143.6974
84  266.1482 262.0754 248.6969 238.7767 232.0982 208.7732 191.3401 179.0386 161.9726 143.6763
85  269.3097 265.0792 252.1746 238.9375 233.1846 218.5603 202.5592 184.7679 160.4829 144.9905
86  268.1350 264.0309 247.7056 238.8546 230.4022 213.1790 195.3570 183.0852 160.4152 150.2307
87  268.6069 264.5295 246.7676 237.4665 232.5643 211.8001 191.6106 181.4952 163.0385 150.8393
88  270.3137 262.8968 253.0023 237.4068 231.4236 216.3704 195.3785 187.9746 164.5066 143.8982
89  268.0749 264.2026 244.5805 236.8978 230.4413 213.9025 197.5843 180.9971 163.1855 155.4784
90  269.7610 263.9819 246.3826 238.7884 231.6311 211.1334 192.1179 183.7101 166.5747 148.2030
91  267.7301 263.6037 245.1801 240.2850 231.4861 216.4560 199.2328 184.3788 162.9923 143.5415
92  266.6447 262.3381 242.7389 238.9994 229.1475 217.5115 192.7398 180.7565 176.5174 152.1805
93  267.3887 262.8058 245.5325 239.1405 230.6353 215.5335 189.8387 180.2264 161.9873 150.5579
94  267.1166 264.3172 244.5547 237.4340 228.1358 209.9213 194.6193 182.5418 163.1192 142.6636
95  267.8070 264.3018 246.9114 238.1826 231.6357 208.3909 190.8127 182.3056 164.3906 145.7996
96  267.1968 263.5223 243.9441 238.6640 230.2643 211.4046 193.5393 180.7928 162.3329 145.2858
97  266.8345 264.4533 246.0648 238.9654 231.9776 211.8503 192.6179 180.5175 163.5470 150.9588
98  267.1910 262.2760 245.2149 238.3389 230.9704 213.0050 191.7921 182.8853 160.0394 142.9483
99  268.0138 263.4941 244.3853 238.4805 231.3419 214.5073 194.2888 182.2817 163.9457 145.2836
100 267.9983 262.4422 246.5923 237.6159 228.9399 211.5251 193.4616 184.7661 163.5065 155.1462
         V70      V71       V72
1   141.2138 130.1269  8.065350
2   140.9920 127.8099 11.363616
3   140.4496 133.4888  4.908024
4   140.4577 130.4358  8.817007
5   143.8872 131.9366  8.097169
6   151.4962 131.3489  5.386434
7   142.2204 133.2882  8.519010
8   144.2847 130.1294  3.126243
9   141.2519 127.6429 10.538371
10  141.0594 126.1962 12.341252
11  139.5459 129.5186  5.928659
12  142.9909 131.8241  6.024184
13  141.5630 128.7673 15.354239
14  145.8737 126.7627 10.219019
15  140.8014 131.6030  3.185913
16  141.9691 129.0230 10.809235
17  142.6071 129.2804  3.199558
18  141.8441 127.7186  5.257582
19  142.9811 130.0054 13.282239
20  138.7824 128.2461  7.528834
21  141.7596 129.3268 15.084555
22  143.7401 127.3655  8.861894
23  141.1674 128.2058  3.599977
24  141.6391 128.1980  6.321406
25  143.3426 127.6446 19.090302
26  140.2383 126.4512 12.700610
27  137.9452 131.3535 11.063778
28  139.7599 131.9476 10.125995
29  139.7801 128.9926  8.738333
30  142.2444 126.8816 12.527268
31  139.1137 128.7520  7.597851
32  146.0118 130.6996 11.617309
33  140.9716 130.6957 36.121794
34  140.3132 126.8353  7.630496
35  138.5559 127.8296  2.997920
36  156.5040 128.5591 13.944841
37  144.2666 128.4423  4.192323
38  140.1948 129.7834  8.739893
39  140.9545 123.6267 13.459443
40  144.4964 130.7519  1.671038
41  146.0948 128.1935 17.595727
42  141.8685 131.7248 10.866643
43  140.5985 127.9893  7.096955
44  140.4809 127.3183 10.664792
45  143.5400 130.0734  7.292529
46  142.1020 130.9418 11.032050
47  145.5056 130.0542 13.278344
48  149.0649 128.1594  4.061782
49  142.8251 128.7480 10.851200
50  145.9681 129.4990  7.452580
51  142.1627 126.9398 11.429485
52  142.6017 131.2899  6.605659
53  141.9789 128.7715  7.239427
54  140.4530 131.3584  9.522921
55  140.1754 130.6574  6.015193
56  140.7380 124.0676  5.001668
57  140.8696 128.6288 15.069670
58  143.9528 126.7383  6.564614
59  139.1959 130.2827 12.689271
60  140.0510 126.6975  4.101871
61  145.4410 129.6341  5.042459
62  141.9094 128.1704 12.612641
63  144.9851 131.5504  9.413024
64  139.8381 130.0826 10.455039
65  138.0223 126.2026 13.953331
66  141.0554 130.0541  3.989034
67  139.1751 125.1858 10.284653
68  141.7803 131.6029  4.156788
69  141.4997 132.7214  5.162300
70  144.9001 126.7948  7.056238
71  149.2493 127.7607 13.775154
72  139.3310 130.4968 13.048765
73  141.9207 133.2687  9.086837
74  140.3579 132.3871 14.300618
75  144.1084 131.7272  7.217129
76  139.8604 130.3854  3.217295
77  157.6111 130.4258  7.844567
78  146.4745 128.7944  6.257436
79  144.2299 127.5802  9.320283
80  140.3806 130.1774  8.536474
81  141.9655 126.1605  8.259873
82  142.7912 129.0292  9.458801
83  141.9079 129.9822  6.478766
84  141.7525 128.5798  3.787555
85  142.3055 130.6734  4.968058
86  145.3153 129.7059  6.469964
87  142.5859 131.7232  9.514757
88  139.2679 127.5463 27.921564
89  152.2965 126.9115  8.761534
90  139.2354 128.3084  3.505676
91  141.4026 126.9283 11.387365
92  142.2168 125.7322  2.441371
93  140.1534 130.2284  8.584113
94  140.5960 125.2836  3.587507
95  140.6772 130.3093  5.059369
96  142.1719 129.5239 10.646014
97  141.9627 128.3715  4.086318
98  139.5747 130.6853 12.486637
99  142.0685 131.0817 11.023324
100 140.3341 129.0694  4.664138
> dim(singular)
[1] 100  73
2015-03-01 21:23:35.259 R[1197:107170] *** WARNING: Method convertPointFromBase: in class NSView is deprecated on 10.7 and later. It should not be used in new applications. 
> singular = singular[,-1]
> dim(singular)
[1] 100  72
> hist(singular$v1)
Error in hist.default(singular$v1) : 'x' must be numeric
> singular[0,]
 [1] V1  V2  V3  V4  V5  V6  V7  V8  V9  V10 V11 V12 V13 V14 V15 V16 V17 V18 V19 V20 V21 V22
[23] V23 V24 V25 V26 V27 V28 V29 V30 V31 V32 V33 V34 V35 V36 V37 V38 V39 V40 V41 V42 V43 V44
[45] V45 V46 V47 V48 V49 V50 V51 V52 V53 V54 V55 V56 V57 V58 V59 V60 V61 V62 V63 V64 V65 V66
[67] V67 V68 V69 V70 V71 V72
<0 rows> (or 0-length row.names)
> hist(singular$V1)
> abline(h=52939.99)
> abline(h=10000)
> abline(h=4000)
> abline(v=4000)
> abline(v=mean(singular$V1))
> abline(v=9800)
> abline(v=10000)
> hist(singular$V1)
> abline(v=11000)
> hist(singular$V1)
> abline(v=10000)
> singular = read.csv("singular_matrix.csv")
> singular = singular[,-1]
> hist(singular$V1)
> abline(v=9900)
> hist(singular$V1, col = "bluesky2", ylab ="Frequency", xlab="First Singular Values of the Simulated Matrix", main = "First Singular Value = 52940")
Error in rect(x$breaks[-nB], 0, x$breaks[-1L], y, col = col, border = border,  : 
  invalid color name 'bluesky2'
> hist(singular$V1, col = "steelblue1", ylab ="Frequency", xlab="First Singular Values of the Simulated Matrix", main = "First Singular Value = 52940")
> hist(singular$V1, col = "steelblue1", ylab ="Frequency", xlab="First Singular Values of the Simulated Matrix", main = "First Singular Value = 52,940")
> hist(singular$V1, col = "steelblue1", ylab ="Frequency", xlab="First Singular Values of the Simulated Matrices", main = "First Singular Value = 52,940")
> hist(singular$V2, col = "steelblue1", ylab ="Frequency", xlab="Second Singular Values of the Simulated Matrices", main = "Second Singular Value = 13,335")
> hist(singular$V3, col = "steelblue1", ylab ="Frequency", xlab="Third Singular Values of the Simulated Matrices", main = "Third Singular Value = 10,554")
> 
> rm(list=ls())
> 
> library(truncnorm)
> 
> x = read.csv("math.csv")
> x = data.frame(x)
> x=x[,-1]
> x=as.matrix(x)
> 
> # basic graph properties:
> dim(x)
[1] 1870   74
> table(rowSums(!is.na(x)))

  1   2   3   4   5   6   7   8   9  10  11 
594 605 233 195 146  57  29   7   2   1   1 
> table(colSums(!is.na(x)))

  1   3   5   8   9  10  13  14  15  16  17  18  19  20  23  24  27  28  31  32  34  35  36 
  2   2   3   2   1   2   1   2   1   4   2   1   4   1   2   2   1   1   2   2   1   1   1 
 37  38  44  45  46  48  49  50  55  59  60  61  65  66  75  82  84  91 102 103 107 143 164 
  1   1   2   1   2   1   2   1   1   1   1   1   1   1   1   1   1   1   1   1   1   1   1 
201 250 253 267 291 339 523 
  1   1   1   1   1   1   1 
> mean(rowSums(!is.na(x)))
[1] 2.488235
> mean(colSums(!is.na(x)))
[1] 62.87838
> 
> 
> #Drop student with 1 entry
> B = (!is.na(x))
> badstu = which(rowSums(B) < 2)
> badtea = which(colSums(B) < 2)
> G = x[-badstu, ]
> G = G[,-badtea]
> B = B[-badstu,]
> B = B[,-badtea]
> dim(G)
[1] 1276   72
> 
> thresh = function(a, lam){
+ 	a = a - lam
+ 	a[a<0] = 0
+ 	return(a)
+ }
> 
> lam = 590
> tmp = G
> obs = G[!is.na(G)]
> tmp[is.na(G)] = 0
> 
> for( i in 1:20000){
+   s = svd(tmp)
+   s$d = thresh(s$d, lam)
+   low = s$u%*%diag(s$d)%*%t(s$v)
+   tmp[is.na(G)] = low[is.na(G)]
+ }
> ##Getting rid of fixed effect:
> Gnorm=G
> x=mean(tmp)
> y=rowMeans(tmp)
> w=colMeans(tmp)
> for(j in 1:1276){
+ 	Gnorm[j,]=Gnorm[j,]-y[j]
+ 	}
> 	
> for(k in 1:72){
+ 	Gnorm[,k]=Gnorm[,k]-w[k]
+ 	}
> Gnorm=Gnorm-x
> 
> lam1=10000
> tmp1 = Gnorm
> obs1 = Gnorm[!is.na(Gnorm)]
> tmp1[is.na(Gnorm)] = 0
> 
> for( h in 1:20000){
+   s1 = svd(tmp1)
+   s1$d = thresh(s1$d, lam1)
+   low1 = s1$u%*%diag(s1$d)%*%t(s1$v)
+   tmp1[is.na(Gnorm)] = low[is.na(Gnorm)]
+ }
> sa=svd(tmp1)
> sa$d
 [1] 5.293999e+04 1.333546e+04 1.055383e+04 9.728633e+03 8.893968e+03 8.804198e+03 8.023277e+03
 [8] 7.779165e+03 7.454856e+03 6.740427e+03 6.030510e+03 5.459726e+03 5.299229e+03 5.069682e+03
[15] 4.830897e+03 4.707756e+03 4.491226e+03 4.352563e+03 4.189700e+03 4.094029e+03 4.008553e+03
[22] 3.972481e+03 3.924510e+03 3.807625e+03 3.694316e+03 3.576530e+03 3.545985e+03 3.386458e+03
[29] 3.274667e+03 3.262309e+03 3.090361e+03 2.940242e+03 2.923992e+03 2.805165e+03 2.729371e+03
[36] 2.568420e+03 2.395811e+03 2.336068e+03 2.237487e+03 2.161671e+03 2.113507e+03 2.037294e+03
[43] 2.031619e+03 1.949086e+03 1.894005e+03 1.854538e+03 1.831031e+03 1.800902e+03 1.720276e+03
[50] 1.701520e+03 1.639645e+03 1.623635e+03 1.571887e+03 1.522737e+03 1.448049e+03 1.348521e+03
[57] 1.230270e+03 1.218239e+03 1.030329e+03 9.564203e+02 9.029086e+02 8.606258e+02 7.949403e+02
[64] 7.089816e+02 6.801578e+02 6.117381e+02 4.778997e+02 4.500507e+02 3.107905e+02 1.765520e+02
[71] 1.398263e+02 5.108731e-12
> 