5.755774e+04 1.221667e+03 3.991689e+02 3.906678e+02 3.804822e+02
 [6] 3.737075e+02 3.651912e+02 3.629445e+02 3.568651e+02 3.520559e+02
[11] 3.481249e+02 3.451417e+02 3.400356e+02 3.379087e+02 3.365706e+02
[16] 3.292258e+02 3.255313e+02 3.236158e+02 3.207917e+02 3.172873e+02
[21] 3.152022e+02 3.134009e+02 3.102731e+02 3.057547e+02 3.017656e+02
[26] 2.996556e+02 2.979679e+02 2.935938e+02 2.914655e+02 2.880031e+02
[31] 2.867090e+02 2.814594e+02 2.802458e+02 2.787581e+02 2.753873e+02
[36] 2.720612e+02 2.693759e+02 2.614040e+02 2.598702e+02 2.572905e+02
[41] 2.534269e+02 2.509509e+02 2.490545e+02 2.449060e+02 2.353642e+02
[46] 2.340185e+02 2.326955e+02 2.300178e+02 2.245832e+02 2.202163e+02
[51] 2.189860e+02 2.138257e+02 2.107603e+02 2.092295e+02 2.060556e+02
[56] 2.025433e+02 1.998645e+02 1.965307e+02 1.918757e+02 1.881334e+02
[61] 1.796599e+02 1.756470e+02 1.669498e+02 1.584227e+02 1.472966e+02
[66] 1.357635e+02 1.274867e+02 9.846818e+01 6.601063e+01 6.566421e+01
[71] 2.972632e+01 2.556077e-11

ss1$