7.030340e+04 1.562446e+03 4.406148e+02 3.931051e+02 3.841186e+02
 [6] 3.765857e+02 3.699343e+02 3.654140e+02 3.622954e+02 3.560265e+02
[11] 3.552296e+02 3.516032e+02 3.485701e+02 3.441602e+02 3.423704e+02
[16] 3.395624e+02 3.366796e+02 3.320932e+02 3.304827e+02 3.280483e+02
[21] 3.258023e+02 3.248700e+02 3.220268e+02 3.186903e+02 3.135507e+02
[26] 3.119917e+02 3.089390e+02 3.067314e+02 3.061420e+02 3.028950e+02
[31] 2.994117e+02 2.943382e+02 2.933937e+02 2.925225e+02 2.889143e+02
[36] 2.864207e+02 2.847601e+02 2.821902e+02 2.792145e+02 2.776133e+02
[41] 2.753735e+02 2.730695e+02 2.682971e+02 2.624447e+02 2.615569e+02
[46] 2.602322e+02 2.566616e+02 2.553840e+02 2.523852e+02 2.488487e+02
[51] 2.480727e+02 2.432587e+02 2.394707e+02 2.386020e+02 2.294238e+02
[56] 2.256142e+02 2.132696e+02 2.106110e+02 2.083432e+02 2.065709e+02
[61] 1.978570e+02 1.940540e+02 1.824859e+02 1.737795e+02 1.721602e+02
[66] 1.623103e+02 1.498421e+02 1.478453e+02 1.021636e+02 7.682902e+01
[71] 7.335389e+01 3.122098e-11